_archive/Figure_5/hugo5m_wgs84.txt
ncols         148
nrows         98
xllcorner     317331.4007037
yllcorner     3808681.8340184
cellsize      5
NODATA_value  -9999
[rows 0 to 36 of 98, columns 0 to 82 of 148]
-9999 -9999 -9999 -9999 -9999 -9999 -9999 -9999 -9999 -9999 -9999 -9999 -9999 -9999 -9999 -9999 -9999 -9999 -9999 -9999 -9999 -9999 -9999 -9999 -9999 -9999 -9999 -9999 -9999 -9999 -9999 -9999 -9999 -9999 -9999 -9999 -9999 -9999 -9999 -9999 -9999 -9999 1708 1708 -9999 -9999 -9999 -9999 -9999 -9999 -9999 -9999 -9999 -9999 -9999 -9999 -9999 -9999 -9999 -9999 -9999 -9999 -9999 -9999 -9999 -9999 -9999 -9999 -9999 -9999 -9999 -9999 -9999 -9999 -9999 -9999 -9999 -9999 -9999 -9999 -9999 -9999 -9999
-9999 -9999 -9999 -9999 -9999 -9999 -9999 -9999 -9999 -9999 -9999 -9999 -9999 -9999 -9999 -9999 -9999 -9999 -9999 -9999 -9999 -9999 -9999 -9999 -9999 -9999 -9999 -9999 -9999 -9999 -9999 -9999 -9999 -9999 -9999 -9999 -9999 -9999 -9999 -9999 -9999 1707 1707 1708 1708 -9999 -9999 -9999 1708 1707 1706 1706 1706 1706 -9999 -9999 -9999 -9999 -9999 -9999 -9999 -9999 -9999 -9999 -9999 -9999 -9999 -9999 -9999 -9999 -9999 -9999 -9999 -9999 -9999 -9999 -9999 -9999 -9999 -9999 -9999 -9999 -9999
-9999 -9999 -9999 -9999 -9999 -9999 -9999 -9999 -9999 -9999 -9999 -9999 -9999 -9999 -9999 -9999 -9999 -9999 -9999 -9999 -9999 -9999 -9999 -9999 -9999 -9999 -9999 -9999 -9999 -9999 -9999 -9999 -9999 -9999 -9999 -9999 1708 1708 1708 1708 1708 1708 1707 1708 1707 1707 1707 1707 1707 1706 1706 1706 1706 1706 1706 1706 1707 1707 1707 1707 -9999 -9999 -9999 -9999 -9999 -9999 -9999 -9999 -9999 -9999 -9999 -9999 -9999 -9999 -9999 -9999 -9999 -9999 -9999 -9999 -9999 -9999 -9999
-9999 -9999 -9999 -9999 -9999 -9999 -9999 -9999 -9999 -9999 -9999 -9999 -9999 -9999 -9999 -9999 -9999 -9999 -9999 -9999 -9999 -9999 -9999 -9999 -9999 -9999 -9999 -9999 -9999 -9999 -9999 -9999 -9999 -9999 -9999 1708 1708 1707 1707 1708 1708 1708 1708 1707 1707 1707 1707 1707 1707 1706 1706 1705 1705 1706 1706 1706 1706 1706 1706 1707 1707 -9999 -9999 -9999 -9999 -9999 -9999 -9999 -9999 -9999 -9999 -9999 -9999 -9999 -9999 -9999 -9999 -9999 -9999 -9999 -9999 -9999 -9999
-9999 -9999 -9999 -9999 -9999 -9999 -9999 -9999 -9999 -9999 -9999 -9999 -9999 -9999 -9999 -9999 -9999 -9999 -9999 -9999 -9999 -9999 -9999 -9999 -9999 -9999 -9999 -9999 1708 1708 -9999 -9999 1708 1708 1708 1708 1707 1707 1707 1708 1708 1708 1707 1707 1707 1707 1707 1707 1706 1706 1705 1705 1705 1706 1706 1706 1706 1706 1706 1706 1706 -9999 -9999 -9999 -9999 -9999 -9999 -9999 -9999 -9999 -9999 -9999 -9999 -9999 -9999 -9999 -9999 -9999 -9999 -9999 -9999 -9999 -9999
-9999 -9999 -9999 -9999 -9999 -9999 -9999 -9999 -9999 -9999 -9999 -9999 -9999 -9999 -9999 -9999 -9999 -9999 -9999 -9999 -9999 -9999 -9999 -9999 -9999 -9999 -9999 -9999 1707 1708 1708 1708 1708 1707 1707 1707 1707 1707 1707 1708 1708 1707 1707 1707 1707 1706 1706 1706 1706 1705 1705 1705 1705 1706 1707 1706 1706 1705 1705 1706 1706 1706 -9999 1706 1706 1706 1706 -9999 -9999 -9999 -9999 -9999 -9999 -9999 -9999 -9999 -9999 -9999 -9999 -9999 -9999 -9999 -9999
-9999 -9999 -9999 -9999 -9999 -9999 -9999 -9999 -9999 -9999 -9999 -9999 -9999 -9999 -9999 -9999 -9999 -9999 -9999 -9999 -9999 -9999 -9999 -9999 -9999 -9999 -9999 -9999 1707 1707 1708 1708 1707 1707 1707 1707 1707 1707 1707 1707 1707 1707 1706 1706 1706 1706 1706 1706 1705 1705 1705 1705 1705 1706 1707 1706 1706 1706 1705 1706 1706 1706 1706 1706 1706 1706 1706 1706 -9999 -9999 -9999 -9999 -9999 -9999 -9999 -9999 -9999 -9999 -9999 -9999 -9999 -9999 -9999
-9999 -9999 -9999 -9999 -9999 -9999 -9999 -9999 -9999 -9999 -9999 -9999 -9999 -9999 -9999 -9999 -9999 -9999 -9999 -9999 -9999 -9999 -9999 -9999 -9999 -9999 -9999 -9999 1707 1707 1707 1707 1707 1707 1707 1707 1707 1707 1707 1706 1706 1706 1706 1705 1705 1705 1705 1705 1705 1705 1705 1705 1705 1706 1706 1707 1707 1706 1706 1705 1705 1705 1705 1705 1705 1705 1705 1706 -9999 1706 1705 -9999 -9999 -9999 -9999 -9999 -9999 -9999 -9999 -9999 -9999 -9999 -9999
-9999 -9999 -9999 -9999 -9999 -9999 -9999 -9999 -9999 -9999 -9999 -9999 -9999 -9999 -9999 -9999 -9999 -9999 -9999 -9999 -9999 -9999 -9999 -9999 -9999 -9999 -9999 1707 1707 1707 1707 1707 1707 1707 1707 1707 1707 1707 1706 1706 1705 1705 1705 1705 1704 1704 1704 1704 1705 1705 1704 1704 1704 1705 1705 1706 1706 1705 1705 1705 1705 1705 1705 1705 1705 1705 1705 1706 1706 1705 1704 -9999 -9999 -9999 -9999 -9999 -9999 -9999 -9999 -9999 -9999 -9999 -9999
-9999 -9999 -9999 -9999 -9999 -9999 -9999 -9999 -9999 -9999 -9999 -9999 -9999 -9999 -9999 -9999 -9999 -9999 -9999 -9999 -9999 -9999 -9999 -9999 1706 1706 1706 1707 1707 1706 1706 1706 1706 1707 1707 1706 1706 1706 1706 1705 1705 1704 1704 1704 1704 1703 1703 1704 1704 1704 1704 1703 1703 1704 1704 1705 1705 1704 1704 1704 1704 1705 1705 1706 1706 1705 1705 1706 1706 1705 1704 1704 1704 1704 -9999 -9999 -9999 -9999 -9999 -9999 -9999 -9999 -9999
-9999 -9999 -9999 -9999 -9999 -9999 -9999 -9999 -9999 -9999 -9999 -9999 -9999 -9999 1705 1705 1705 1705 1705 1705 1705 1705 1705 1705 1705 1705 1705 1706 1706 1706 1706 1706 1706 1706 1706 1706 1705 1705 1705 1705 1704 1704 1703 1703 1703 1703 1703 1703 1703 1703 1703 1703 1703 1704 1704 1704 1705 1704 1704 1704 1704 1704 1705 1705 1705 1705 1705 1705 1705 1704 1704 1704 1704 1704 1704 1704 1704 1704 1704 -9999 -9999 -9999 -9999
-9999 -9999 -9999 -9999 -9999 -9999 -9999 -9999 -9999 -9999 -9999 -9999 -9999 1705 1705 1704 1704 1704 1704 1704 1704 1704 1704 1705 1705 1704 1704 1705 1705 1705 1705 1705 1705 1706 1706 1705 1704 1704 1704 1704 1704 1703 1703 1702 1702 1702 1702 1701 1701 1702 1702 1702 1702 1703 1704 1704 1704 1705 1705 1704 1704 1704 1704 1704 1704 1705 1705 1705 1705 1704 1704 1704 1705 1704 1704 1704 1704 1704 1704 1705 -9999 -9999 -9999
-9999 -9999 -9999 -9999 -9999 -9999 -9999 -9999 -9999 -9999 -9999 1705 1705 1705 1704 1704 1703 1703 1703 1703 1703 1703 1704 1704 1704 1704 1704 1704 1704 1704 1704 1704 1705 1705 1705 1704 1703 1703 1703 1703 1702 1702 1701 1701 1701 1701 1700 1700 1700 1701 1701 1701 1702 1703 1703 1703 1704 1704 1704 1704 1704 1704 1704 1704 1704 1704 1705 1705 1704 1704 1704 1704 1704 1703 1703 1703 1703 1703 1703 1704 -9999 -9999 -9999
-9999 -9999 -9999 -9999 -9999 -9999 -9999 -9999 -9999 -9999 -9999 1704 1704 1704 1704 1703 1703 1702 1702 1702 1702 1703 1703 1702 1702 1703 1703 1704 1704 1703 1703 1704 1704 1704 1704 1703 1703 1702 1702 1701 1701 1700 1700 1699 1699 1699 1699 1698 1699 1700 1700 1701 1701 1702 1702 1703 1703 1703 1703 1704 1704 1704 1704 1704 1704 1704 1704 1704 1704 1705 1705 1704 1703 1702 1702 1702 1702 1702 1702 1703 1703 -9999 -9999
-9999 -9999 -9999 -9999 -9999 -9999 -9999 -9999 -9999 -9999 1704 1704 1703 1703 1703 1703 1702 1702 1701 1701 1701 1702 1702 1702 1702 1702 1702 1703 1703 1703 1703 1703 1703 1703 1703 1703 1702 1702 1701 1701 1700 1699 1699 1698 1698 1698 1698 1697 1697 1698 1699 1700 1700 1701 1701 1701 1701 1702 1702 1702 1702 1703 1703 1703 1703 1703 1703 1703 1703 1704 1704 1703 1702 1702 1702 1702 1702 1702 1702 1702 1702 1702 -9999
-9999 -9999 -9999 -9999 -9999 -9999 -9999 -9999 1704 1704 1704 1703 1703 1702 1702 1702 1702 1701 1701 1700 1700 1701 1701 1701 1701 1701 1701 1702 1702 1702 1702 1702 1702 1703 1703 1702 1702 1701 1701 1700 1699 1698 1698 1697 1696 1697 1697 1696 1695 1696 1697 1698 1699 1700 1700 1699 1699 1700 1700 1700 1701 1702 1702 1702 1702 1702 1702 1702 1702 1703 1703 1702 1702 1701 1701 1701 1701 1701 1701 1701 1701 1702 1702
-9999 -9999 -9999 -9999 -9999 -9999 -9999 -9999 1704 1703 1703 1702 1702 1701 1701 1701 1700 1700 1700 1699 1699 1700 1700 1700 1700 1700 1700 1701 1701 1701 1701 1701 1701 1701 1701 1701 1701 1700 1700 1699 1698 1697 1697 1695 1695 1695 1695 1694 1694 1695 1696 1697 1698 1699 1699 1699 1699 1699 1699 1699 1699 1700 1701 1701 1701 1701 1701 1701 1702 1702 1702 1701 1701 1700 1700 1700 1700 1700 1700 1700 1700 1701 1701
-9999 -9999 -9999 -9999 -9999 -9999 -9999 1704 1704 1703 1702 1701 1701 1700 1700 1699 1699 1698 1698 1698 1698 1698 1698 1699 1699 1698 1699 1700 1700 1699 1699 1699 1699 1699 1699 1700 1700 1699 1699 1698 1697 1696 1695 1694 1693 1693 1693 1693 1693 1694 1695 1696 1697 1698 1698 1698 1698 1698 1698 1698 1698 1699 1699 1699 1699 1700 1700 1701 1701 1700 1700 1700 1700 1699 1699 1698 1698 1699 1699 1699 1699 1700 1701
-9999 -9999 -9999 -9999 -9999 -9999 1704 1704 1703 1702 1701 1700 1700 1699 1699 1698 1698 1697 1697 1697 1697 1697 1697 1697 1697 1697 1697 1698 1699 1698 1698 1698 1698 1698 1698 1698 1698 1698 1697 1697 1696 1695 1694 1693 1692 1691 1691 1691 1692 1692 1693 1694 1695 1696 1697 1697 1697 1697 1697 1697 1697 1697 1697 1698 1698 1698 1699 1699 1700 1699 1699 1699 1698 1698 1697 1697 1697 1697 1698 1698 1699 1699 1700
-9999 -9999 -9999 -9999 1704 1704 1704 1703 1703 1702 1701 1700 1699 1698 1698 1697 1697 1696 1696 1696 1696 1695 1695 1695 1695 1696 1696 1697 1697 1697 1697 1697 1697 1697 1697 1696 1696 1696 1696 1695 1695 1694 1693 1692 1691 1690 1689 1689 1690 1691 1691 1692 1693 1694 1695 1696 1696 1695 1695 1695 1695 1695 1695 1696 1696 1697 1697 1698 1698 1698 1698 1697 1697 1696 1695 1695 1695 1696 1697 1697 1698 1698 1699
-9999 -9999 -9999 -9999 1704 1703 1703 1703 1702 1701 1700 1699 1698 1697 1696 1696 1695 1695 1695 1694 1694 1694 1694 1694 1694 1694 1695 1695 1695 1696 1696 1695 1695 1696 1695 1695 1695 1694 1694 1694 1693 1692 1691 1690 1689 1688 1688 1688 1688 1689 1690 1691 1692 1693 1694 1694 1694 1694 1693 1693 1694 1694 1694 1695 1695 1695 1696 1696 1697 1696 1696 1695 1695 1694 1694 1694 1694 1694 1695 1696 1697 1697 1697
-9999 -9999 -9999 -9999 1704 1703 1702 1702 1702 1701 1700 1699 1697 1696 1695 1694 1694 1693 1693 1692 1692 1692 1692 1693 1693 1693 1693 1693 1693 1694 1694 1693 1693 1694 1694 1693 1693 1692 1692 1692 1692 1691 1690 1689 1688 1687 1686 1686 1687 1688 1689 1690 1691 1692 1692 1693 1693 1692 1691 1692 1692 1692 1693 1694 1694 1694 1694 1695 1695 1694 1694 1693 1693 1692 1692 1692 1692 1693 1694 1695 1695 1696 1696
-9999 -9999 -9999 -9999 1704 1703 1702 1702 1701 1700 1699 1698 1696 1695 1694 1693 1693 1692 1691 1691 1691 1691 1691 1691 1691 1691 1692 1692 1692 1692 1692 1692 1692 1692 1692 1692 1691 1691 1691 1691 1690 1690 1689 1687 1686 1686 1685 1685 1685 1686 1688 1689 1690 1690 1691 1691 1691 1690 1690 1690 1691 1691 1691 1692 1692 1692 1693 1693 1694 1693 1693 1692 1692 1691 1691 1691 1691 1692 1692 1693 1694 1695 1695
-9999 -9999 -9999 -9999 1704 1703 1702 1702 1701 1700 1698 1697 1696 1695 1694 1693 1692 1691 1690 1689 1689 1689 1689 1689 1689 1690 1690 1690 1690 1690 1690 1690 1690 1690 1690 1690 1690 1690 1690 1689 1689 1688 1687 1686 1685 1684 1684 1683 1684 1685 1687 1688 1688 1689 1689 1689 1689 1689 1689 1689 1689 1689 1689 1690 1690 1691 1691 1692 1692 1692 1692 1691 1691 1690 1690 1690 1690 1691 1691 1692 1692 1693 1694
-9999 -9999 -9999 -9999 1704 1703 1703 1702 1700 1699 1698 1697 1696 1695 1693 1692 1691 1690 1689 1688 1688 1688 1688 1688 1688 1688 1689 1689 1689 1688 1688 1688 1689 1689 1689 1689 1689 1688 1688 1688 1687 1687 1686 1685 1684 1683 1682 1682 1683 1684 1685 1686 1687 1687 1688 1688 1688 1688 1688 1688 1688 1688 1688 1688 1689 1689 1690 1690 1691 1691 1690 1690 1689 1689 1689 1688 1688 1689 1690 1690 1691 1692 1693
-9999 -9999 -9999 -9999 1704 1703 1703 1702 1700 1699 1698 1697 1696 1695 1693 1692 1690 1689 1688 1687 1687 1686 1686 1686 1686 1687 1687 1687 1687 1686 1686 1687 1687 1687 1687 1687 1687 1686 1686 1686 1686 1685 1685 1684 1683 1682 1681 1681 1682 1683 1684 1685 1685 1686 1686 1686 1686 1686 1686 1686 1686 1686 1686 1687 1687 1688 1688 1689 1689 1689 1689 1688 1688 1687 1687 1686 1687 1688 1688 1689 1689 1690 1692
-9999 -9999 -9999 -9999 1704 1703 1702 1701 1700 1699 1698 1697 1696 1695 1693 1692 1690 1689 1688 1687 1686 1685 1685 1685 1685 1685 1686 1686 1685 1685 1685 1685 1685 1685 1685 1685 1685 1685 1685 1685 1684 1684 1683 1682 1682 1681 1680 1680 1680 1681 1682 1683 1684 1684 1685 1685 1685 1685 1684 1684 1684 1684 1685 1685 1686 1687 1687 1688 1688 1688 1687 1687 1686 1686 1685 1685 1685 1686 1687 1688 1688 1689 1691
-9999 -9999 -9999 -9999 1704 1703 1702 1701 1701 1699 1698 1697 1696 1695 1693 1692 1690 1689 1687 1686 1685 1684 1684 1684 1684 1684 1684 1684 1684 1683 1683 1683 1683 1684 1684 1683 1683 1683 1683 1683 1683 1682 1682 1681 1681 1680 1679 1678 1679 1680 1681 1682 1683 1683 1683 1683 1683 1683 1683 1682 1682 1683 1683 1684 1684 1685 1686 1687 1687 1686 1686 1685 1685 1684 1684 1684 1684 1685 1685 1686 1687 1688 1689
-9999 -9999 -9999 -9999 1704 1703 1702 1702 1701 1700 1699 1697 1696 1695 1694 1692 1691 1689 1688 1686 1685 1684 1684 1683 1683 1683 1683 1683 1683 1682 1682 1682 1682 1682 1682 1682 1682 1682 1682 1682 1681 1681 1681 1680 1680 1679 1678 1678 1678 1679 1680 1681 1682 1682 1682 1682 1682 1682 1681 1681 1681 1681 1682 1682 1683 1684 1685 1685 1685 1685 1685 1684 1684 1683 1683 1683 1683 1683 1684 1685 1686 1687 1688
-9999 -9999 -9999 -9999 1704 1703 1703 1702 1701 1700 1699 1697 1696 1695 1694 1693 1691 1690 1688 1687 1686 1685 1684 1683 1682 1682 1682 1682 1682 1681 1681 1681 1681 1681 1681 1680 1680 1680 1680 1680 1680 1680 1680 1679 1679 1678 1677 1677 1677 1678 1679 1680 1680 1680 1680 1681 1681 1680 1680 1679 1679 1680 1680 1681 1681 1682 1683 1684 1684 1684 1684 1683 1683 1682 1681 1681 1681 1682 1683 1684 1685 1686 1687
-9999 -9999 -9999 -9999 1704 1704 1703 1702 1702 1701 1699 1698 1697 1696 1695 1693 1691 1690 1689 1688 1686 1685 1684 1684 1683 1683 1683 1682 1681 1681 1681 1681 1680 1680 1680 1679 1679 1679 1679 1679 1679 1679 1678 1678 1678 1677 1676 1676 1676 1677 1678 1678 1679 1679 1679 1679 1679 1679 1679 1678 1678 1678 1679 1680 1680 1681 1682 1683 1683 1683 1683 1682 1682 1681 1680 1680 1680 1681 1682 1683 1685 1686 1687
-9999 -9999 -9999 1705 1705 1704 1703 1703 1702 1701 1700 1698 1697 1696 1695 1693 1692 1691 1689 1688 1687 1686 1685 1685 1685 1684 1683 1682 1681 1680 1680 1680 1680 1679 1679 1678 1678 1678 1678 1678 1678 1677 1677 1677 1677 1676 1676 1675 1675 1676 1677 1677 1677 1677 1677 1678 1678 1678 1678 1677 1677 1677 1677 1678 1679 1680 1681 1682 1682 1682 1682 1681 1681 1680 1679 1678 1678 1679 1681 1682 1684 1685 1686
-9999 -9999 -9999 -9999 1705 1705 1704 1703 1702 1701 1700 1699 1698 1697 1695 1694 1692 1691 1691 1690 1689 1688 1687 1687 1686 1686 1685 1684 1683 1682 1681 1681 1681 1680 1680 1679 1679 1678 1678 1678 1678 1677 1677 1677 1676 1676 1676 1675 1675 1676 1676 1676 1676 1676 1676 1676 1677 1677 1676 1676 1676 1676 1677 1678 1678 1679 1680 1680 1681 1681 1680 1680 1680 1679 1678 1677 1677 1678 1680 1681 1683 1684 1685
-9999 -9999 -9999 -9999 -9999 1705 1704 1703 1702 1701 1700 1699 1698 1697 1696 1694 1693 1692 1692 1691 1691 1690 1689 1688 1688 1687 1686 1685 1684 1683 1683 1682 1682 1681 1681 1680 1680 1679 1678 1679 1678 1677 1676 1676 1676 1676 1676 1675 1675 1675 1675 1675 1675 1675 1675 1675 1675 1675 1675 1674 1674 1675 1676 1677 1677 1678 1678 1679 1679 1679 1679 1679 1679 1678 1677 1676 1676 1677 1679 1680 1682 1683 1684
-9999 -9999 -9999 -9999 -9999 1705 1705 1704 1703 1702 1701 1700 1699 1698 1696 1695 1695 1694 1693 1693 1692 1691 1691 1690 1689 1689 1688 1687 1686 1685 1685 1684 1684 1683 1683 1682 1681 1680 1680 1680 1680 1679 1678 1677 1677 1677 1676 1675 1675 1675 1675 1675 1675 1675 1674 1674 1674 1674 1674 1674 1674 1675 1675 1676 1676 1676 1677 1677 1678 1678 1678 1678 1678 1677 1676 1676 1676 1677 1678 1680 1681 1683 1684
-9999 -9999 -9999 -9999 -9999 -9999 1705 1704 1703 1703 1702 1701 1700 1698 1697 1696 1696 1695 1695 1694 1693 1692 1692 1691 1691 1691 1690 1689 1688 1687 1687 1686 1686 1685 1685 1684 1683 1682 1682 1682 1682 1680 1680 1679 1678 1677 1677 1676 1675 1675 1675 1674 1674 1674 1674 1673 1673 1673 1673 1673 1673 1674 1674 1675 1675 1675 1675 1676 1676 1676 1676 1677 1677 1676 1676 1675 1675 1676 1678 1679 1681 1682 1683
-9999 -9999 -9999 -9999 -9999 -9999 1705 1705 1704 1703 1702 1701 1700 1699 1699 1698 1697 1696 1696 1695 1695 1694 1693 1693 1692 1692 1691 1690 1689 1689 1688 1687 1687 1687 1686 1686 1685 1684 1683 1683 1683 1682 1681 1680 1680 1679 1678 1677 1676 1676 1676 1676 1675 1675 1674 1673 1673 1673 1672 1672 1672 1673 1673 1674 1674 1674 1674 1674 1675 1675 1675 1676 1676 1675 1674 1674 1675 1676 1677 1679 1680 1681 1682
