_archive/Figure_5/hugo5m_wgs84.txt
ncols         148
nrows         98
xllcorner     317331.4007037
yllcorner     3808681.8340184
cellsize      5
NODATA_value  -9999
[rows 37 to 73 of 98, columns 0 to 82 of 148]
-9999 -9999 -9999 -9999 -9999 -9999 -9999 1705 1705 1704 1703 1702 1701 1700 1700 1699 1698 1697 1697 1696 1696 1695 1695 1694 1694 1693 1693 1692 1691 1690 1690 1689 1688 1688 1688 1687 1687 1686 1685 1685 1685 1684 1683 1682 1682 1681 1680 1679 1678 1678 1678 1677 1677 1676 1675 1674 1673 1672 1672 1671 1671 1672 1672 1673 1673 1673 1673 1673 1673 1674 1674 1675 1675 1674 1673 1673 1674 1675 1677 1678 1679 1680 1680
-9999 -9999 -9999 -9999 -9999 -9999 -9999 -9999 1705 1704 1703 1702 1702 1701 1701 1700 1699 1699 1698 1698 1697 1697 1696 1696 1695 1695 1694 1693 1692 1692 1691 1690 1690 1690 1689 1688 1688 1687 1687 1687 1686 1685 1685 1684 1683 1682 1681 1680 1679 1679 1679 1678 1678 1677 1676 1675 1675 1674 1673 1672 1672 1671 1671 1671 1672 1672 1672 1672 1672 1672 1673 1673 1673 1672 1672 1672 1673 1674 1676 1677 1679 1679 1679
-9999 -9999 -9999 -9999 -9999 -9999 -9999 -9999 1705 1704 1704 1703 1703 1702 1702 1701 1700 1700 1700 1699 1699 1698 1698 1697 1697 1696 1696 1695 1694 1693 1693 1692 1692 1691 1691 1690 1689 1689 1689 1688 1688 1687 1686 1685 1684 1683 1683 1682 1681 1681 1681 1680 1679 1678 1677 1677 1676 1675 1674 1673 1672 1671 1670 1670 1670 1670 1670 1670 1670 1671 1671 1672 1672 1671 1671 1672 1672 1673 1675 1677 1678 1678 1678
-9999 -9999 -9999 -9999 -9999 -9999 -9999 -9999 1705 1705 1705 1704 1704 1703 1702 1702 1701 1701 1701 1701 1700 1700 1699 1698 1698 1697 1697 1696 1695 1695 1694 1694 1693 1693 1693 1692 1691 1691 1690 1690 1689 1688 1688 1687 1686 1685 1684 1683 1683 1682 1682 1681 1680 1679 1678 1678 1678 1677 1676 1675 1674 1673 1672 1672 1671 1671 1670 1670 1670 1670 1670 1670 1671 1671 1671 1671 1672 1673 1674 1676 1677 1677 1677
-9999 -9999 -9999 -9999 -9999 -9999 -9999 1706 1706 1706 1706 1705 1705 1704 1703 1703 1703 1703 1703 1702 1702 1701 1701 1700 1699 1698 1698 1697 1696 1696 1696 1695 1695 1695 1695 1694 1694 1693 1692 1691 1691 1690 1689 1688 1687 1686 1685 1685 1685 1684 1683 1682 1682 1681 1680 1679 1679 1678 1678 1677 1676 1675 1675 1674 1673 1672 1671 1670 1670 1669 1669 1669 1669 1670 1670 1671 1672 1673 1674 1675 1675 1676 1676
-9999 -9999 -9999 -9999 -9999 -9999 1707 1706 1706 1706 1706 1705 1705 1704 1704 1704 1703 1703 1703 1703 1702 1702 1701 1700 1700 1699 1699 1698 1697 1697 1697 1697 1696 1696 1696 1695 1695 1694 1693 1693 1693 1692 1691 1690 1689 1688 1687 1687 1686 1685 1685 1684 1683 1682 1681 1680 1680 1679 1679 1678 1677 1676 1676 1675 1674 1673 1672 1671 1671 1670 1669 1669 1669 1669 1670 1670 1671 1672 1673 1674 1674 1675 1675
-9999 -9999 -9999 -9999 -9999 -9999 1707 1706 1706 1706 1706 1705 1705 1705 1705 1704 1704 1704 1704 1703 1703 1702 1702 1701 1701 1700 1700 1699 1699 1698 1698 1698 1698 1697 1697 1696 1696 1695 1695 1695 1695 1694 1693 1692 1691 1690 1690 1689 1688 1687 1687 1686 1685 1684 1683 1682 1681 1680 1680 1679 1679 1678 1677 1676 1675 1674 1673 1672 1671 1670 1669 1668 1668 1669 1669 1670 1670 1671 1671 1672 1673 1674 1674
-9999 -9999 -9999 -9999 -9999 -9999 1707 1707 1706 1706 1706 1706 1705 1705 1705 1705 1704 1704 1704 1704 1703 1703 1703 1702 1702 1701 1701 1700 1700 1700 1700 1700 1699 1699 1698 1697 1696 1696 1696 1696 1695 1694 1693 1692 1692 1691 1691 1690 1689 1688 1687 1686 1685 1684 1683 1682 1681 1681 1680 1679 1679 1678 1677 1676 1675 1674 1673 1673 1672 1671 1669 1668 1668 1668 1669 1669 1670 1670 1671 1671 1672 1673 1673
-9999 -9999 -9999 -9999 -9999 -9999 -9999 1707 1707 1706 1706 1706 1706 1705 1705 1705 1705 1704 1704 1704 1704 1704 1704 1703 1703 1702 1702 1701 1701 1701 1701 1701 1701 1700 1699 1698 1697 1697 1697 1697 1696 1695 1694 1693 1693 1692 1692 1691 1690 1689 1688 1687 1686 1685 1684 1683 1682 1681 1681 1680 1679 1678 1678 1677 1676 1675 1674 1674 1673 1671 1670 1669 1668 1668 1668 1669 1669 1670 1670 1670 1670 1671 1672
-9999 -9999 -9999 -9999 -9999 -9999 -9999 -9999 1707 1707 1707 1707 1706 1706 1706 1706 1705 1705 1705 1705 1705 1705 1704 1704 1703 1703 1702 1702 1701 1701 1701 1701 1701 1700 1699 1698 1697 1697 1697 1697 1696 1695 1694 1694 1693 1692 1692 1691 1690 1689 1688 1687 1686 1685 1684 1683 1682 1682 1681 1680 1679 1679 1678 1677 1676 1675 1674 1674 1673 1672 1671 1670 1669 1668 1668 1668 1668 1669 1669 1669 1669 1670 1670
-9999 -9999 -9999 -9999 -9999 -9999 -9999 -9999 -9999 -9999 -9999 1707 1707 1706 1706 1706 1706 1705 1705 1705 1705 1705 1705 1704 1704 1703 1703 1702 1702 1701 1701 1701 1701 1700 1700 1699 1698 1697 1697 1696 1696 1695 1695 1694 1694 1693 1692 1691 1690 1689 1689 1688 1686 1685 1684 1683 1683 1682 1681 1680 1679 1679 1679 1678 1677 1676 1675 1674 1674 1673 1672 1671 1670 1669 1668 1667 1667 1668 1668 1668 1668 1669 1669
-9999 -9999 -9999 -9999 -9999 -9999 -9999 -9999 -9999 -9999 -9999 -9999 1707 1707 1706 1706 1706 1705 1705 1705 1705 1705 1704 1704 1703 1703 1703 1702 1702 1701 1701 1701 1700 1700 1699 1698 1697 1697 1697 1696 1695 1695 1694 1693 1693 1692 1691 1690 1689 1688 1688 1687 1686 1684 1683 1682 1682 1681 1680 1679 1678 1678 1678 1677 1676 1675 1674 1674 1673 1672 1671 1670 1669 1668 1668 1667 1667 1667 1667 1667 1668 1668 1668
-9999 -9999 -9999 -9999 -9999 -9999 -9999 -9999 -9999 -9999 -9999 -9999 -9999 1707 1707 1706 1706 1705 1705 1705 1705 1704 1704 1703 1703 1703 1703 1702 1702 1701 1701 1700 1700 1700 1699 1698 1697 1697 1697 1696 1695 1694 1694 1693 1692 1691 1691 1690 1689 1688 1687 1686 1685 1684 1683 1682 1681 1680 1679 1678 1678 1677 1677 1676 1675 1674 1674 1673 1673 1672 1671 1670 1669 1668 1668 1667 1666 1666 1666 1667 1667 1667 1667
-9999 -9999 -9999 -9999 -9999 -9999 -9999 -9999 -9999 -9999 -9999 -9999 -9999 1707 1706 1706 1706 1705 1705 1705 1704 1704 1704 1703 1702 1702 1702 1702 1701 1701 1700 1700 1699 1699 1698 1697 1696 1696 1696 1695 1694 1693 1693 1692 1691 1690 1690 1689 1688 1687 1686 1685 1684 1683 1682 1681 1679 1678 1677 1677 1676 1675 1675 1674 1674 1673 1673 1672 1671 1670 1670 1669 1669 1668 1667 1667 1667 1667 1667 1666 1666 1666 1666
-9999 -9999 -9999 -9999 -9999 -9999 -9999 -9999 -9999 -9999 -9999 -9999 1707 1707 1706 1706 1706 1705 1705 1704 1704 1704 1704 1703 1702 1702 1702 1701 1701 1700 1700 1699 1699 1698 1698 1697 1696 1695 1695 1694 1694 1693 1692 1691 1690 1689 1689 1688 1687 1686 1685 1684 1683 1682 1681 1680 1678 1677 1676 1675 1675 1674 1673 1673 1673 1672 1672 1671 1670 1669 1669 1669 1669 1668 1667 1667 1667 1667 1667 1666 1666 1666 1666
-9999 -9999 -9999 -9999 -9999 -9999 -9999 -9999 -9999 -9999 -9999 1707 1707 1706 1706 1706 1705 1705 1705 1704 1704 1703 1703 1702 1702 1701 1701 1701 1700 1700 1699 1698 1698 1697 1697 1696 1695 1694 1694 1693 1692 1691 1691 1690 1689 1688 1687 1687 1686 1685 1684 1683 1682 1680 1679 1678 1677 1675 1674 1674 1673 1672 1672 1672 1671 1671 1671 1670 1669 1669 1668 1668 1668 1668 1667 1667 1667 1667 1667 1666 1666 1666 1666
-9999 -9999 -9999 -9999 -9999 -9999 -9999 1706 1706 1706 1706 1706 1706 1706 1706 1705 1705 1705 1705 1704 1703 1703 1702 1702 1702 1701 1700 1700 1700 1699 1699 1698 1697 1696 1696 1695 1694 1693 1693 1692 1691 1690 1690 1689 1688 1687 1686 1685 1685 1684 1683 1682 1680 1679 1678 1677 1675 1674 1673 1672 1672 1671 1671 1670 1670 1670 1670 1669 1669 1668 1668 1668 1668 1668 1668 1667 1667 1667 1667 1666 1666 1666 1666
-9999 -9999 -9999 -9999 -9999 -9999 1706 1706 1705 1705 1706 1706 1706 1706 1705 1705 1704 1704 1704 1703 1703 1702 1701 1701 1701 1700 1699 1699 1699 1698 1698 1697 1696 1695 1695 1694 1693 1692 1692 1691 1690 1689 1688 1687 1687 1686 1685 1684 1683 1682 1681 1680 1679 1678 1677 1676 1674 1673 1672 1672 1671 1671 1670 1671 1670 1670 1669 1670 1669 1669 1669 1669 1669 1669 1668 1668 1668 1668 1668 1667 1666 1666 1666
-9999 -9999 -9999 -9999 -9999 -9999 1706 1705 1705 1705 1705 1706 1706 1705 1705 1704 1704 1704 1703 1703 1702 1701 1701 1701 1700 1699 1699 1698 1698 1697 1697 1696 1695 1694 1694 1693 1692 1691 1690 1689 1688 1687 1687 1686 1685 1684 1684 1683 1682 1681 1680 1679 1678 1677 1676 1675 1674 1673 1672 1671 1671 1670 1670 1671 1671 1670 1669 1670 1670 1670 1670 1670 1670 1669 1669 1668 1668 1669 1669 1668 1667 1666 1666
-9999 -9999 -9999 -9999 -9999 -9999 1705 1705 1705 1705 1705 1705 1705 1705 1704 1704 1703 1703 1703 1702 1701 1701 1700 1700 1699 1698 1698 1697 1697 1696 1696 1695 1694 1693 1693 1692 1691 1690 1689 1688 1687 1686 1685 1684 1684 1683 1682 1681 1680 1679 1679 1678 1677 1676 1675 1674 1673 1672 1672 1672 1672 1671 1671 1672 1672 1671 1671 1671 1671 1671 1671 1671 1671 1671 1670 1670 1670 1671 1671 1671 1670 1668 1667
-9999 -9999 -9999 -9999 -9999 1705 1705 1704 1704 1705 1705 1704 1704 1704 1704 1703 1703 1702 1702 1701 1701 1700 1699 1698 1698 1697 1697 1696 1696 1695 1695 1694 1693 1692 1691 1690 1689 1688 1687 1686 1685 1684 1683 1683 1682 1681 1680 1680 1679 1678 1678 1677 1676 1675 1674 1673 1672 1672 1672 1673 1673 1672 1672 1673 1673 1672 1672 1672 1672 1672 1672 1673 1673 1672 1671 1671 1671 1672 1673 1673 1672 1670 1669
-9999 -9999 -9999 -9999 1705 1705 1704 1704 1704 1704 1704 1704 1703 1703 1703 1702 1702 1702 1701 1701 1700 1699 1698 1697 1697 1696 1696 1695 1694 1694 1693 1693 1692 1691 1690 1689 1688 1687 1686 1685 1684 1683 1682 1681 1681 1680 1679 1678 1678 1677 1676 1675 1675 1674 1673 1673 1673 1673 1673 1674 1674 1674 1674 1675 1675 1674 1674 1674 1674 1674 1674 1674 1674 1673 1672 1672 1672 1673 1674 1674 1673 1672 1671
-9999 -9999 -9999 1705 1705 1704 1704 1704 1704 1703 1703 1703 1703 1702 1702 1701 1701 1701 1701 1700 1699 1698 1697 1696 1696 1695 1694 1693 1693 1692 1692 1691 1691 1690 1689 1688 1686 1685 1684 1683 1682 1682 1681 1680 1680 1679 1678 1677 1677 1676 1675 1674 1674 1673 1673 1673 1673 1673 1673 1674 1675 1676 1676 1677 1677 1676 1675 1676 1676 1675 1675 1675 1675 1674 1673 1673 1673 1674 1674 1675 1675 1674 1673
-9999 -9999 1705 1705 1704 1704 1703 1703 1703 1702 1702 1702 1701 1701 1701 1700 1700 1700 1700 1699 1698 1697 1696 1695 1695 1694 1693 1692 1692 1691 1691 1690 1689 1689 1688 1687 1685 1684 1683 1682 1681 1680 1680 1679 1679 1678 1677 1676 1676 1675 1675 1674 1674 1674 1674 1674 1674 1674 1674 1675 1676 1677 1677 1678 1678 1677 1677 1677 1677 1677 1677 1676 1676 1675 1674 1674 1674 1675 1675 1676 1677 1676 1676
-9999 -9999 1705 1704 1704 1703 1703 1702 1702 1701 1701 1700 1700 1700 1700 1699 1699 1699 1699 1698 1697 1696 1695 1694 1693 1692 1692 1691 1691 1690 1689 1688 1688 1687 1686 1685 1684 1683 1682 1681 1680 1679 1679 1678 1678 1677 1676 1675 1675 1675 1675 1674 1674 1674 1675 1675 1676 1675 1674 1675 1676 1678 1678 1679 1679 1679 1679 1679 1679 1679 1679 1678 1677 1676 1675 1674 1675 1676 1677 1678 1679 1679 1679
-9999 -9999 1704 1704 1703 1703 1702 1702 1701 1700 1700 1699 1699 1699 1698 1698 1698 1698 1698 1697 1697 1696 1695 1694 1693 1692 1691 1690 1689 1688 1688 1687 1686 1686 1685 1684 1683 1682 1681 1680 1679 1678 1677 1677 1677 1676 1675 1675 1675 1675 1676 1676 1676 1676 1676 1676 1676 1675 1675 1676 1678 1679 1680 1680 1680 1680 1680 1681 1681 1681 1680 1679 1678 1677 1676 1676 1676 1677 1678 1679 1680 1680 1681
-9999 -9999 1704 1703 1703 1702 1702 1701 1700 1699 1699 1698 1698 1697 1697 1697 1697 1697 1697 1696 1696 1695 1694 1693 1692 1691 1690 1689 1688 1687 1686 1685 1685 1684 1683 1682 1681 1681 1680 1679 1678 1677 1676 1676 1676 1675 1675 1675 1675 1676 1676 1677 1677 1678 1678 1677 1677 1676 1676 1677 1679 1680 1681 1682 1682 1681 1682 1682 1683 1682 1681 1680 1679 1678 1677 1678 1678 1679 1680 1681 1681 1682 1682
-9999 1704 1704 1703 1702 1702 1701 1700 1699 1698 1698 1697 1697 1696 1696 1696 1696 1696 1695 1695 1695 1694 1693 1692 1691 1690 1689 1688 1687 1685 1684 1684 1684 1683 1682 1681 1681 1680 1679 1678 1677 1677 1676 1676 1676 1676 1677 1677 1678 1678 1679 1679 1678 1678 1678 1678 1678 1677 1677 1678 1679 1680 1681 1682 1683 1683 1683 1684 1684 1683 1683 1681 1680 1678 1678 1679 1679 1680 1681 1682 1683 1683 1683
1705 1704 1703 1702 1702 1701 1701 1699 1698 1697 1697 1696 1695 1694 1694 1695 1695 1694 1694 1694 1694 1693 1692 1691 1690 1689 1687 1687 1685 1684 1683 1683 1682 1681 1681 1680 1680 1679 1678 1678 1677 1676 1676 1676 1677 1678 1679 1680 1680 1681 1681 1680 1680 1679 1678 1679 1679 1678 1677 1678 1679 1680 1682 1683 1683 1684 1684 1685 1685 1684 1684 1683 1681 1679 1679 1679 1680 1681 1682 1683 1684 1684 1684
-9999 -9999 1703 1702 1702 1701 1700 1699 1698 1697 1696 1695 1694 1693 1693 1693 1693 1692 1693 1693 1693 1692 1692 1691 1690 1688 1687 1686 1685 1683 1682 1682 1681 1680 1680 1679 1679 1678 1678 1677 1677 1677 1677 1678 1679 1680 1680 1681 1681 1682 1682 1682 1682 1681 1681 1681 1680 1680 1680 1679 1680 1681 1683 1684 1685 1685 1685 1686 1686 1685 1685 1683 1682 1680 1680 1680 1681 1682 1683 1684 1685 1685 1686
-9999 -9999 1703 1702 1702 1701 1700 1699 1698 1697 1696 1694 1693 1692 1692 1691 1691 1691 1691 1692 1692 1691 1691 1690 1689 1688 1686 1685 1684 1683 1682 1681 1680 1679 1679 1678 1678 1677 1677 1677 1677 1677 1678 1680 1681 1682 1682 1682 1682 1683 1683 1683 1683 1684 1684 1683 1682 1682 1682 1681 1681 1682 1684 1685 1686 1685 1686 1687 1687 1686 1685 1684 1683 1682 1681 1681 1682 1683 1685 1686 1686 1687 1687
-9999 -9999 -9999 -9999 1701 1701 1700 1699 1698 1697 1695 1694 1693 1692 1691 1690 1690 1690 1690 1691 1691 1690 1690 1689 1688 1687 1686 1685 1684 1682 1681 1680 1679 1679 1679 1679 1679 1679 1679 1680 1680 1681 1681 1682 1683 1684 1684 1684 1684 1684 1685 1685 1685 1686 1685 1684 1683 1682 1682 1681 1681 1683 1684 1686 1687 1687 1687 1688 1688 1687 1686 1685 1684 1682 1682 1683 1684 1685 1686 1687 1687 1687 1687
-9999 -9999 -9999 -9999 1701 1700 1700 1699 1698 1697 1695 1694 1693 1692 1691 1690 1689 1689 1689 1690 1690 1689 1688 1687 1686 1685 1685 1684 1683 1682 1681 1680 1679 1679 1679 1680 1680 1681 1681 1682 1683 1684 1684 1684 1685 1686 1687 1686 1685 1686 1686 1687 1687 1687 1686 1685 1684 1683 1682 1681 1682 1683 1685 1686 1687 1688 1688 1689 1689 1688 1687 1686 1684 1683 1683 1684 1686 1687 1688 1688 1688 1688 1688
-9999 -9999 -9999 -9999 1701 1700 1700 1699 1698 1697 1696 1694 1693 1692 1691 1689 1688 1688 1688 1688 1688 1688 1687 1686 1686 1685 1684 1683 1682 1681 1680 1680 1680 1680 1680 1681 1682 1682 1683 1683 1684 1685 1686 1686 1687 1688 1688 1687 1687 1687 1687 1688 1688 1687 1686 1685 1684 1684 1683 1682 1682 1683 1685 1687 1688 1688 1689 1689 1689 1689 1688 1686 1685 1685 1685 1686 1687 1689 1690 1689 1689 1689 1688
-9999 -9999 -9999 -9999 1701 1700 1700 1699 1699 1697 1696 1695 1694 1693 1691 1689 1688 1687 1687 1687 1687 1686 1686 1685 1685 1684 1683 1682 1682 1681 1680 1680 1680 1681 1682 1683 1683 1684 1684 1685 1686 1687 1688 1688 1688 1689 1689 1688 1688 1688 1688 1689 1689 1688 1687 1686 1685 1684 1684 1683 1683 1684 1685 1687 1688 1689 1689 1690 1690 1689 1689 1687 1686 1686 1687 1688 1689 1690 1691 1690 1690 1689 1689
-9999 -9999 -9999 -9999 1701 1700 1699 1699 1698 1697 1696 1695 1694 1693 1691 1689 1688 1687 1686 1686 1686 1685 1685 1684 1684 1683 1683 1682 1681 1680 1680 1681 1681 1682 1683 1684 1685 1685 1686 1686 1687 1688 1689 1690 1690 1690 1690 1689 1689 1690 1690 1690 1690 1689 1688 1688 1687 1686 1685 1684 1684 1685 1686 1688 1689 1690 1691 1691 1691 1690 1690 1688 1688 1688 1688 1689 1690 1691 1692 1692 1691 1691 1690
-9999 -9999 -9999 -9999 1701 1700 1699 1699 1698 1697 1696 1695 1694 1692 1691 1690 1688 1687 1686 1685 1685 1684 1684 1683 1683 1682 1682 1681 1681 1680 1681 1682 1683 1684 1685 1686 1686 1687 1687 1687 1688 1689 1691 1692 1692 1691 1691 1691 1691 1692 1692 1691 1691 1690 1690 1689 1688 1687 1686 1685 1686 1687 1688 1689 1690 1691 1692 1692 1692 1691 1691 1690 1689 1689 1690 1691 1691 1692 1692 1693 1693 1692 1690
