Figure_4/sev5m_nad27.txt
ncols         799
nrows         285
xllcorner     317313.15113282
yllcorner     3808005.4841961
cellsize      5
NODATA_value  -9999
[rows 180 to 215 of 285, columns 492 to 573 of 799]
1604 1605 1604 1603 1603 1604 1604 1604 1604 1604 1605 1606 1608 1610 1612 1613 1615 1617 1618 1619 1619 1619 1619 1619 1619 1619 1619 1619 1619 1619 1619 1618 1618 1618 1617 1616 1616 1615 1614 1613 1613 1612 1612 1611 1611 1611 1612 1614 1614 1615 1615 1616 1616 1616 1616 -9999 -9999 -9999 -9999 -9999 -9999 -9999 -9999 -9999 -9999 -9999 -9999 -9999 -9999 -9999 -9999 -9999 -9999 -9999 -9999 -9999 -9999 -9999 -9999 -9999 -9999 -9999
1604 1604 1604 1603 1603 1604 1604 1604 1605 1606 1607 1608 1610 1612 1613 1614 1615 1617 1618 1619 1619 1620 1620 1620 1620 1620 1620 1620 1619 1619 1618 1618 1617 1617 1617 1616 1616 1615 1614 1614 1613 1613 1612 1612 1612 1613 1613 1614 1615 1615 1616 1616 1617 1617 1617 -9999 -9999 -9999 -9999 -9999 -9999 -9999 -9999 -9999 -9999 -9999 -9999 -9999 -9999 -9999 -9999 -9999 -9999 -9999 -9999 -9999 -9999 -9999 -9999 -9999 -9999 -9999
1604 1604 1604 1603 1604 1604 1604 1604 1605 1607 1608 1610 1612 1614 1615 1615 1616 1617 1618 1619 1619 1620 1620 1620 1620 1620 1620 1620 1620 1619 1618 1617 1617 1617 1617 1616 1616 1615 1615 1614 1614 1613 1613 1612 1613 1614 1614 1615 1615 1616 1616 1617 1617 1617 1617 -9999 -9999 -9999 -9999 -9999 -9999 -9999 -9999 -9999 -9999 -9999 -9999 -9999 -9999 -9999 -9999 -9999 -9999 -9999 -9999 -9999 -9999 -9999 -9999 -9999 -9999 -9999
1604 1604 1604 1604 1604 1605 1605 1605 1606 1608 1610 1611 1613 1615 1616 1617 1617 1618 1618 1619 1619 1620 1620 1621 1621 1621 1620 1620 1620 1619 1618 1618 1617 1617 1617 1616 1616 1615 1615 1614 1614 1613 1613 1612 1613 1614 1615 1615 1616 1616 1617 1617 1617 -9999 -9999 -9999 -9999 -9999 -9999 -9999 -9999 -9999 -9999 -9999 -9999 -9999 -9999 -9999 -9999 -9999 -9999 -9999 -9999 -9999 -9999 -9999 -9999 -9999 -9999 -9999 -9999 -9999
1604 1604 1604 1604 1605 1605 1605 1605 1607 1609 1611 1613 1614 1616 1617 1618 1618 1618 1619 1619 1620 1620 1620 1621 1621 1621 1621 1620 1620 1619 1619 1618 1618 1617 1617 1616 1616 1615 1615 1614 1614 1613 1613 1612 1613 1615 1615 1616 1616 1617 1617 1617 1617 -9999 -9999 -9999 -9999 -9999 -9999 -9999 -9999 -9999 -9999 -9999 -9999 -9999 -9999 -9999 -9999 -9999 -9999 -9999 -9999 -9999 -9999 -9999 -9999 -9999 -9999 -9999 -9999 -9999
1604 1604 1604 1605 1605 1606 1606 1607 1608 1610 1612 1614 1615 1617 1618 1618 1619 1619 1619 1620 1620 1621 1621 1621 1621 1621 1621 1620 1620 1619 1619 1618 1618 1617 1617 1616 1616 1615 1615 1614 1614 1613 1613 1613 1614 1615 1616 1616 1616 1617 1617 1617 1617 -9999 -9999 -9999 -9999 -9999 -9999 -9999 -9999 -9999 -9999 -9999 -9999 -9999 -9999 -9999 -9999 -9999 -9999 -9999 -9999 -9999 -9999 -9999 -9999 -9999 -9999 -9999 -9999 -9999
1605 1604 1604 1605 1605 1606 1607 1608 1609 1611 1613 1615 1616 1618 1618 1619 1619 1620 1620 1620 1621 1621 1621 1621 1621 1621 1621 1620 1620 1619 1619 1618 1618 1617 1617 1616 1616 1615 1615 1614 1614 1613 1613 1614 1615 1616 1616 1616 1616 1617 1617 1617 1617 -9999 -9999 -9999 -9999 -9999 -9999 -9999 -9999 -9999 -9999 -9999 -9999 -9999 -9999 -9999 -9999 -9999 -9999 -9999 -9999 -9999 -9999 -9999 -9999 -9999 -9999 -9999 -9999 -9999
1605 1605 1605 1605 1605 1606 1607 1608 1610 1611 1613 1615 1617 1618 1619 1619 1620 1620 1620 1621 1621 1622 1622 1622 1621 1621 1621 1620 1620 1619 1619 1618 1618 1617 1617 1616 1616 1615 1615 1614 1614 1614 1614 1614 1615 1616 1616 1617 1617 1617 1617 -9999 -9999 -9999 -9999 -9999 -9999 -9999 -9999 -9999 -9999 -9999 -9999 -9999 -9999 -9999 -9999 -9999 -9999 -9999 -9999 -9999 -9999 -9999 -9999 -9999 -9999 -9999 -9999 -9999 -9999 -9999
1605 1605 1605 1605 1606 1606 1607 1609 1610 1612 1614 1616 1617 1618 1619 1620 1620 1620 1621 1622 1622 1622 1622 1622 1622 1621 1621 1620 1620 1619 1619 1618 1618 1617 1617 1616 1616 1615 1615 1614 1614 1614 1614 1615 1615 1616 1616 1617 1617 1617 1617 -9999 -9999 -9999 -9999 -9999 -9999 -9999 -9999 -9999 -9999 -9999 -9999 -9999 -9999 -9999 -9999 -9999 -9999 -9999 -9999 -9999 -9999 -9999 -9999 -9999 -9999 -9999 -9999 -9999 -9999 -9999
1605 1605 1605 1606 1606 1607 1608 1610 1611 1613 1614 1616 1617 1618 1619 1620 1620 1621 1621 1622 1623 1623 1623 1623 1622 1622 1621 1620 1620 1619 1619 1619 1618 1617 1617 1616 1616 1615 1615 1615 1614 1614 1614 1615 1615 1616 1617 1617 1617 -9999 -9999 -9999 -9999 -9999 -9999 -9999 -9999 -9999 -9999 -9999 -9999 -9999 -9999 -9999 -9999 -9999 -9999 -9999 -9999 -9999 -9999 -9999 -9999 -9999 -9999 -9999 -9999 -9999 -9999 -9999 -9999 -9999
1605 1605 1605 1606 1607 1607 1609 1611 1612 1614 1615 1616 1617 1619 1619 1620 1621 1621 1622 1623 1623 1623 1623 1623 1623 1622 1621 1620 1620 1619 1619 1619 1618 1617 1617 1616 1616 1615 1615 1615 1615 1614 1615 1615 1615 1616 1617 1618 1618 -9999 -9999 -9999 -9999 -9999 -9999 -9999 -9999 -9999 -9999 -9999 -9999 -9999 -9999 -9999 -9999 -9999 -9999 -9999 -9999 -9999 -9999 -9999 -9999 -9999 -9999 -9999 -9999 -9999 -9999 -9999 -9999 -9999
1605 1606 1606 1606 1607 1608 1610 1611 1613 1614 1616 1617 1618 1619 1620 1620 1621 1622 1622 1623 1623 1623 1623 1623 1623 1622 1621 1621 1620 1620 1620 1619 1618 1618 1617 1616 1616 1616 1615 1615 1615 1615 1615 1616 1616 1617 1617 1618 1618 -9999 -9999 -9999 -9999 -9999 -9999 -9999 -9999 -9999 -9999 -9999 -9999 -9999 -9999 -9999 -9999 -9999 -9999 -9999 -9999 -9999 -9999 -9999 -9999 -9999 -9999 -9999 -9999 -9999 -9999 -9999 -9999 -9999
1605 1606 1606 1606 1607 1609 1610 1612 1613 1615 1616 1618 1618 1619 1620 1621 1621 1622 1623 1623 1623 1623 1623 1623 1623 1622 1622 1621 1621 1621 1620 1619 1619 1618 1617 1616 1616 1616 1616 1615 1615 1615 1616 1616 1617 1617 1617 1618 1618 -9999 -9999 -9999 -9999 -9999 -9999 -9999 -9999 -9999 -9999 -9999 -9999 -9999 -9999 -9999 -9999 -9999 -9999 -9999 -9999 -9999 -9999 -9999 -9999 -9999 -9999 -9999 -9999 -9999 -9999 -9999 -9999 -9999
1605 1606 1606 1607 1608 1609 1610 1612 1613 1615 1616 1618 1619 1619 1620 1621 1622 1622 1623 1624 1624 1624 1624 1624 1623 1623 1623 1622 1622 1622 1621 1620 1619 1618 1618 1617 1617 1616 1616 1616 1616 1616 1616 1617 1617 1618 1618 -9999 -9999 -9999 -9999 -9999 -9999 -9999 -9999 -9999 -9999 -9999 -9999 -9999 -9999 -9999 -9999 -9999 -9999 -9999 -9999 -9999 -9999 -9999 -9999 -9999 -9999 -9999 -9999 -9999 -9999 -9999 -9999 -9999 -9999 -9999
1605 1606 1606 1607 1608 1609 1610 1612 1613 1615 1616 1618 1619 1620 1620 1621 1622 1623 1623 1624 1624 1624 1624 1624 1624 1624 1624 1623 1623 1622 1621 1620 1619 1619 1618 1618 1617 1616 1616 1616 1616 1617 1617 1617 1617 1618 1618 -9999 -9999 -9999 -9999 -9999 -9999 -9999 -9999 -9999 -9999 -9999 -9999 -9999 -9999 -9999 -9999 -9999 -9999 -9999 -9999 -9999 -9999 -9999 -9999 -9999 -9999 -9999 -9999 -9999 -9999 -9999 -9999 -9999 -9999 -9999
1606 1606 1606 1607 1608 1608 1610 1612 1613 1615 1616 1617 1618 1620 1620 1621 1622 1623 1623 1624 1624 1625 1625 1625 1625 1625 1624 1624 1623 1623 1622 1621 1621 1620 1620 1619 1618 1617 1617 1617 1617 1616 1617 1617 1617 -9999 -9999 -9999 -9999 -9999 -9999 -9999 -9999 -9999 -9999 -9999 -9999 -9999 -9999 -9999 -9999 -9999 -9999 -9999 -9999 -9999 -9999 -9999 -9999 -9999 -9999 -9999 -9999 -9999 -9999 -9999 -9999 -9999 -9999 -9999 -9999 -9999
1606 1606 1606 1607 1607 1608 1610 1612 1613 1615 1616 1617 1618 1620 1620 1621 1622 1623 1623 1624 1624 1625 1625 1625 1625 1625 1625 1624 1624 1623 1623 1622 1622 1621 1621 1620 1619 1618 1618 1617 1617 1616 1617 1617 1617 -9999 -9999 -9999 -9999 -9999 -9999 -9999 -9999 -9999 -9999 -9999 -9999 -9999 -9999 -9999 -9999 -9999 -9999 -9999 -9999 -9999 -9999 -9999 -9999 -9999 -9999 -9999 -9999 -9999 -9999 -9999 -9999 -9999 -9999 -9999 -9999 -9999
1606 1606 1606 1606 1607 1608 1609 1611 1613 1614 1615 1617 1618 1619 1620 1620 1621 1622 1623 1624 1625 1625 1626 1626 1626 1626 1625 1625 1624 1624 1624 1623 1622 1621 1621 1620 1619 1618 1618 1617 1617 1617 1617 1618 1618 -9999 -9999 -9999 -9999 -9999 -9999 -9999 -9999 -9999 -9999 -9999 -9999 -9999 -9999 -9999 -9999 -9999 -9999 -9999 -9999 -9999 -9999 -9999 -9999 -9999 -9999 -9999 -9999 -9999 -9999 -9999 -9999 -9999 -9999 -9999 -9999 -9999
1606 1606 1606 1606 1607 1608 1609 1611 1612 1614 1615 1617 1618 1619 1619 1620 1621 1622 1623 1624 1625 1626 1626 1626 1626 1626 1626 1625 1625 1625 1624 1623 1622 1621 1621 1620 1619 1618 1618 1617 1617 1617 1617 1618 1618 -9999 -9999 -9999 -9999 -9999 -9999 -9999 -9999 -9999 -9999 -9999 -9999 -9999 -9999 -9999 -9999 -9999 -9999 -9999 -9999 -9999 -9999 -9999 -9999 -9999 -9999 -9999 -9999 -9999 -9999 -9999 -9999 -9999 -9999 -9999 -9999 -9999
1606 1606 1606 1607 1607 1607 1608 1610 1611 1613 1614 1616 1617 1618 1619 1619 1620 1621 1622 1623 1624 1625 1626 1627 1627 1627 1627 1626 1626 1625 1624 1624 1623 1622 1621 1620 1619 1619 1618 1618 1618 1618 1618 -9999 -9999 -9999 -9999 -9999 -9999 -9999 -9999 -9999 -9999 -9999 -9999 -9999 -9999 -9999 -9999 -9999 -9999 -9999 -9999 -9999 -9999 -9999 -9999 -9999 -9999 -9999 -9999 -9999 -9999 -9999 -9999 -9999 -9999 -9999 -9999 -9999 -9999 -9999
1606 1606 1606 1607 1607 1607 1608 1609 1610 1612 1614 1616 1617 1618 1618 1619 1620 1621 1622 1623 1624 1625 1626 1627 1628 1628 1628 1627 1626 1625 1625 1624 1623 1622 1621 1620 1620 1619 1619 1618 1618 1618 1618 -9999 -9999 -9999 -9999 -9999 -9999 -9999 -9999 -9999 -9999 -9999 -9999 -9999 -9999 -9999 -9999 -9999 -9999 -9999 -9999 -9999 -9999 -9999 -9999 -9999 -9999 -9999 -9999 -9999 -9999 -9999 -9999 -9999 -9999 -9999 -9999 -9999 -9999 -9999
1606 1607 1607 1607 1607 1608 1608 1608 1610 1611 1613 1615 1616 1617 1618 1619 1620 1621 1622 1623 1624 1625 1626 1627 1628 1629 1628 1628 1627 1626 1625 1625 1624 1623 1622 1621 1621 1620 1619 1618 1618 -9999 -9999 -9999 -9999 -9999 -9999 -9999 -9999 -9999 -9999 -9999 -9999 -9999 -9999 -9999 -9999 -9999 -9999 -9999 -9999 -9999 -9999 -9999 -9999 -9999 -9999 -9999 -9999 -9999 -9999 -9999 -9999 -9999 -9999 -9999 -9999 -9999 -9999 -9999 -9999 -9999
1606 1607 1607 1607 1607 1608 1608 1608 1609 1611 1612 1614 1616 1617 1618 1619 1620 1621 1622 1623 1624 1626 1627 1628 1628 1629 1629 1628 1627 1626 1626 1625 1624 1623 1623 1622 1621 1620 1619 1618 1618 -9999 -9999 -9999 -9999 -9999 -9999 -9999 -9999 -9999 -9999 -9999 -9999 -9999 -9999 -9999 -9999 -9999 -9999 -9999 -9999 -9999 -9999 -9999 -9999 -9999 -9999 -9999 -9999 -9999 -9999 -9999 -9999 -9999 -9999 -9999 -9999 -9999 -9999 -9999 -9999 -9999
1606 1607 1607 1607 1607 1608 1608 1609 1609 1610 1612 1613 1615 1616 1617 1619 1620 1621 1622 1623 1625 1626 1627 1628 1628 1629 1629 1629 1628 1627 1626 1625 1624 1624 1623 1622 1621 1620 1620 -9999 -9999 -9999 -9999 -9999 -9999 -9999 -9999 -9999 -9999 -9999 -9999 -9999 -9999 -9999 -9999 -9999 -9999 -9999 -9999 -9999 -9999 -9999 -9999 -9999 -9999 -9999 -9999 -9999 -9999 -9999 -9999 -9999 -9999 -9999 -9999 -9999 -9999 -9999 -9999 -9999 -9999 -9999
1606 1607 1607 1607 1608 1608 1608 1609 1609 1610 1611 1613 1614 1616 1617 1619 1620 1621 1622 1623 1625 1626 1627 1628 1628 1629 1629 1629 1628 1627 1626 1625 1625 1624 1623 1622 1621 1620 1620 -9999 -9999 -9999 -9999 -9999 -9999 -9999 -9999 -9999 -9999 -9999 -9999 -9999 -9999 -9999 -9999 -9999 -9999 -9999 -9999 -9999 -9999 -9999 -9999 -9999 -9999 -9999 -9999 -9999 -9999 -9999 -9999 -9999 -9999 -9999 -9999 -9999 -9999 -9999 -9999 -9999 -9999 -9999
1607 1607 1608 1608 1608 1609 1609 1609 1609 1610 1611 1613 1614 1615 1617 1619 1620 1621 1622 1623 1624 1625 1626 1628 1628 1629 1629 1629 1628 1628 1627 1625 1624 1624 1623 1622 1622 -9999 -9999 -9999 -9999 -9999 -9999 -9999 -9999 -9999 -9999 -9999 -9999 -9999 -9999 -9999 -9999 -9999 -9999 -9999 -9999 -9999 -9999 -9999 -9999 -9999 -9999 -9999 -9999 -9999 -9999 -9999 -9999 -9999 -9999 -9999 -9999 -9999 -9999 -9999 -9999 -9999 -9999 -9999 -9999 -9999
1607 1607 1608 1609 1609 1609 1609 1609 1609 1610 1611 1613 1614 1615 1617 1619 1620 1621 1621 1622 1623 1625 1626 1628 1628 1629 1629 1629 1629 1628 1627 1625 1624 1623 1623 1622 1622 -9999 -9999 -9999 -9999 -9999 -9999 -9999 -9999 -9999 -9999 -9999 -9999 -9999 -9999 -9999 -9999 -9999 -9999 -9999 -9999 -9999 -9999 -9999 -9999 -9999 -9999 -9999 -9999 -9999 -9999 -9999 -9999 -9999 -9999 -9999 -9999 -9999 -9999 -9999 -9999 -9999 -9999 -9999 -9999 -9999
1608 1608 1609 1610 1610 1610 1610 1609 1609 1610 1611 1612 1613 1615 1616 1618 1619 1620 1621 1622 1623 1625 1626 1628 1629 1629 1629 -9999 -9999 -9999 -9999 -9999 -9999 1624 1623 -9999 -9999 -9999 -9999 -9999 -9999 -9999 -9999 -9999 -9999 -9999 -9999 -9999 -9999 -9999 -9999 -9999 -9999 -9999 -9999 -9999 -9999 -9999 -9999 -9999 -9999 -9999 -9999 -9999 -9999 -9999 -9999 -9999 -9999 -9999 -9999 -9999 -9999 -9999 -9999 -9999 -9999 -9999 -9999 -9999 -9999 -9999
1609 1609 1610 1611 1611 1611 1610 1609 1609 1610 1611 1612 1613 1615 1616 1618 1618 1619 1620 1622 1623 1625 1627 1629 1629 1629 1629 -9999 -9999 -9999 -9999 -9999 -9999 1624 1624 -9999 -9999 -9999 -9999 -9999 -9999 -9999 -9999 -9999 -9999 -9999 -9999 -9999 -9999 -9999 -9999 -9999 -9999 -9999 -9999 -9999 -9999 -9999 -9999 -9999 -9999 -9999 -9999 -9999 -9999 -9999 -9999 -9999 -9999 -9999 -9999 -9999 -9999 -9999 -9999 -9999 -9999 -9999 -9999 -9999 -9999 -9999
1610 1611 1612 1612 1612 1611 1610 1609 1609 1610 1611 1612 1614 1615 1617 1618 1619 1619 1621 1622 1623 1625 1627 1629 1629 1629 1629 -9999 -9999 -9999 -9999 -9999 -9999 -9999 -9999 -9999 -9999 -9999 -9999 -9999 -9999 -9999 -9999 -9999 -9999 -9999 -9999 -9999 -9999 -9999 -9999 -9999 -9999 -9999 -9999 -9999 -9999 -9999 -9999 -9999 -9999 -9999 -9999 -9999 -9999 -9999 -9999 -9999 -9999 -9999 -9999 -9999 -9999 -9999 -9999 -9999 -9999 -9999 -9999 -9999 -9999 -9999
1612 1613 1613 1613 1612 1611 1610 1609 1610 1610 1611 1613 1614 1616 1617 1618 1619 1620 1621 1622 1624 1625 1627 1629 1629 1629 1629 -9999 -9999 -9999 -9999 -9999 -9999 -9999 -9999 -9999 -9999 -9999 -9999 -9999 -9999 -9999 -9999 -9999 -9999 -9999 -9999 -9999 -9999 -9999 -9999 -9999 -9999 -9999 -9999 -9999 -9999 -9999 -9999 -9999 -9999 -9999 -9999 -9999 -9999 -9999 -9999 -9999 -9999 -9999 -9999 -9999 -9999 -9999 -9999 -9999 -9999 -9999 -9999 -9999 -9999 -9999
1613 1614 1614 1614 1613 1611 1610 1610 1610 1611 1612 1613 1615 1616 1617 1618 1619 1620 1622 1623 1625 1626 1627 1629 1629 1630 1630 -9999 -9999 -9999 -9999 -9999 -9999 -9999 -9999 -9999 -9999 -9999 -9999 -9999 -9999 -9999 -9999 -9999 -9999 -9999 -9999 -9999 -9999 -9999 -9999 -9999 -9999 -9999 -9999 -9999 -9999 -9999 -9999 -9999 -9999 -9999 -9999 -9999 -9999 -9999 -9999 -9999 -9999 -9999 -9999 -9999 -9999 -9999 -9999 -9999 -9999 -9999 -9999 -9999 -9999 -9999
1614 1614 1614 1614 1613 1611 1611 1610 1610 1611 1612 1614 1615 1616 1617 1619 1620 1621 1622 1624 1625 1627 1628 1629 1630 1630 1630 -9999 -9999 -9999 -9999 -9999 -9999 -9999 -9999 -9999 -9999 -9999 -9999 -9999 -9999 -9999 -9999 -9999 -9999 -9999 -9999 -9999 -9999 -9999 -9999 -9999 -9999 -9999 -9999 -9999 -9999 -9999 -9999 -9999 -9999 -9999 -9999 -9999 -9999 -9999 -9999 -9999 -9999 -9999 -9999 -9999 -9999 -9999 -9999 -9999 -9999 -9999 -9999 -9999 -9999 -9999
1614 1615 1614 1614 1613 1611 1611 1610 1610 1611 1612 1614 1615 1616 1617 1619 1620 1621 1622 1624 1625 1627 1628 1629 1630 1631 1631 -9999 -9999 -9999 -9999 -9999 -9999 -9999 -9999 -9999 -9999 -9999 -9999 -9999 -9999 -9999 -9999 -9999 -9999 -9999 -9999 -9999 -9999 -9999 -9999 -9999 -9999 -9999 -9999 -9999 -9999 -9999 -9999 -9999 -9999 -9999 -9999 -9999 -9999 -9999 -9999 -9999 -9999 -9999 -9999 -9999 -9999 -9999 -9999 -9999 -9999 -9999 -9999 -9999 -9999 -9999
1615 1615 1615 1614 1613 1611 1611 1610 1611 1611 1612 1614 1615 1616 1617 1619 1620 1621 1622 1624 1626 1628 1629 1630 1631 1631 1631 -9999 -9999 -9999 -9999 -9999 -9999 -9999 -9999 -9999 -9999 -9999 -9999 -9999 -9999 -9999 -9999 -9999 -9999 -9999 -9999 -9999 -9999 -9999 -9999 -9999 -9999 -9999 -9999 -9999 -9999 -9999 -9999 -9999 -9999 -9999 -9999 -9999 -9999 -9999 -9999 -9999 -9999 -9999 -9999 -9999 -9999 -9999 -9999 -9999 -9999 -9999 -9999 -9999 -9999 -9999
1616 1616 1615 1614 1613 1611 1611 1611 1611 1612 1613 1614 1616 1617 1618 1619 1620 1621 1623 1625 1626 1628 1629 1630 1631 1632 1632 -9999 -9999 -9999 -9999 -9999 -9999 -9999 -9999 -9999 -9999 -9999 -9999 -9999 -9999 -9999 -9999 -9999 -9999 -9999 -9999 -9999 -9999 -9999 -9999 -9999 -9999 -9999 -9999 -9999 -9999 -9999 -9999 -9999 -9999 -9999 -9999 -9999 -9999 -9999 -9999 -9999 -9999 -9999 -9999 -9999 -9999 -9999 -9999 -9999 -9999 -9999 -9999 -9999 -9999 -9999
