Figure_4/sev5m_nad27.txt
ncols         799
nrows         285
xllcorner     317313.15113282
yllcorner     3808005.4841961
cellsize      5
NODATA_value  -9999
[rows 144 to 179 of 285, columns 82 to 163 of 799]
1666 1666 1666 1666 1665 1665 1665 1665 1664 1664 1664 1664 1664 1664 1664 1664 1664 1664 1663 1663 1663 1663 1663 1663 1662 1662 1662 1662 1662 1662 1661 1661 1660 1660 1660 1660 1660 1660 1659 1659 1660 1660 1661 1661 1661 1661 1661 1661 1661 1661 1660 1660 1661 1661 1662 1662 1662 1662 1663 1663 1663 1663 1663 1663 1663 1663 1663 1663 1662 1662 1663 1663 1664 1664 1664 1664 1665 1665 1665 1665 1665 1665
1667 1666 1666 1666 1665 1665 1665 1665 1664 1664 1664 1665 1665 1665 1665 1665 1665 1664 1664 1664 1664 1664 1664 1663 1663 1663 1663 1663 1663 1662 1662 1661 1661 1660 1660 1660 1660 1659 1659 1659 1659 1660 1660 1660 1660 1660 1660 1660 1660 1660 1660 1660 1660 1660 1660 1660 1660 1661 1661 1661 1661 1662 1662 1662 1662 1662 1662 1661 1661 1662 1662 1663 1663 1663 1663 1664 1664 1664 1664 1664 1664 1664
1668 1667 1666 1666 1665 1665 1666 1666 1665 1664 1665 1665 1665 1665 1665 1665 1665 1665 1664 1664 1664 1664 1664 1664 1663 1663 1664 1664 1663 1663 1662 1662 1661 1661 1660 1660 1659 1659 1659 1659 1659 1659 1659 1659 1659 1659 1659 1659 1659 1659 1659 1659 1659 1659 1659 1659 1659 1659 1660 1660 1660 1660 1661 1661 1661 1661 1660 1660 1661 1661 1662 1662 1663 1663 1663 1663 1663 1663 1663 1663 1662 1662
1671 1670 1668 1667 1667 1666 1666 1665 1665 1665 1665 1666 1666 1667 1667 1666 1666 1666 1665 1665 1665 1665 1665 1664 1664 1664 1665 1665 1664 1664 1663 1662 1662 1661 1660 1660 1659 1659 1659 1659 1659 1659 1659 1659 1659 1658 1658 1658 1658 1658 1658 1658 1658 1658 1658 1658 1658 1658 1658 1658 1658 1658 1659 1659 1659 1659 1659 1659 1660 1660 1661 1661 1662 1662 1662 1661 1661 1661 1661 1661 1661 1661
1673 1672 1670 1669 1668 1667 1666 1665 1666 1666 1666 1666 1667 1668 1668 1668 1667 1667 1666 1666 1667 1667 1666 1665 1664 1664 1665 1666 1665 1665 1664 1663 1662 1662 1661 1660 1659 1659 1659 1659 1659 1659 1659 1659 1658 1658 1657 1657 1657 1657 1657 1657 1658 1658 1657 1657 1657 1657 1657 1657 1657 1657 1657 1657 1658 1658 1658 1658 1659 1659 1660 1660 1661 1661 1660 1660 1660 1660 1660 1660 1660 1660
1674 1673 1672 1671 1670 1669 1669 1669 1669 1669 1668 1668 1669 1669 1669 1669 1668 1668 1667 1667 1667 1667 1666 1665 1665 1665 1666 1666 1665 1665 1664 1663 1662 1662 1661 1661 1660 1660 1660 1659 1659 1659 1659 1659 1658 1658 1658 1657 1657 1657 1657 1657 1657 1657 1657 1656 1656 1656 1656 1656 1656 1656 1656 1656 1656 1656 1657 1657 1658 1658 1659 1659 1659 1659 1659 1659 1659 1659 1659 1659 1659 1658
1675 1675 1674 1673 1673 1672 1672 1672 1672 1672 1671 1670 1671 1671 1670 1670 1669 1669 1668 1668 1668 1668 1667 1666 1665 1665 1666 1666 1665 1665 1664 1664 1663 1662 1662 1662 1661 1660 1660 1660 1659 1659 1659 1659 1658 1658 1658 1658 1657 1657 1656 1656 1657 1657 1656 1656 1655 1655 1656 1656 1655 1655 1655 1655 1655 1655 1656 1656 1657 1657 1658 1658 1658 1658 1658 1658 1658 1658 1658 1658 1657 1657
1677 1677 1676 1676 1676 1676 1675 1675 1674 1673 1672 1672 1672 1672 1671 1670 1670 1669 1669 1668 1668 1668 1667 1666 1666 1666 1667 1667 1667 1666 1666 1665 1664 1664 1663 1663 1662 1661 1661 1661 1660 1659 1659 1659 1659 1658 1658 1658 1658 1657 1657 1657 1656 1656 1656 1656 1655 1655 1656 1656 1655 1655 1655 1655 1655 1655 1655 1656 1656 1656 1657 1657 1657 1657 1657 1657 1657 1656 1656 1656 1656 1655
1678 1679 1679 1679 1679 1679 1678 1677 1675 1674 1674 1674 1673 1673 1672 1671 1670 1670 1669 1669 1668 1668 1667 1666 1666 1666 1667 1668 1668 1668 1667 1667 1666 1665 1664 1664 1663 1662 1662 1662 1661 1660 1659 1659 1659 1659 1658 1658 1658 1658 1657 1657 1656 1656 1656 1656 1655 1655 1656 1656 1655 1655 1655 1655 1654 1654 1655 1655 1655 1655 1656 1656 1656 1656 1656 1656 1655 1655 1655 1655 1654 1654
1679 1680 1680 1681 1681 1680 1680 1679 1677 1676 1676 1675 1675 1674 1673 1672 1671 1670 1669 1669 1668 1668 1667 1666 1667 1668 1669 1670 1670 1669 1668 1667 1667 1666 1666 1665 1664 1663 1663 1662 1662 1661 1660 1659 1659 1659 1659 1659 1659 1658 1657 1656 1657 1657 1657 1656 1656 1655 1655 1655 1655 1655 1655 1655 1654 1654 1654 1654 1654 1655 1655 1655 1655 1655 1655 1655 1654 1654 1654 1654 1653 1653
1681 1681 1682 1682 1682 1682 1681 1680 1679 1678 1677 1677 1676 1675 1674 1673 1672 1671 1670 1669 1668 1668 1667 1666 1667 1669 1670 1671 1671 1671 1669 1668 1667 1667 1667 1667 1666 1665 1664 1663 1662 1662 1661 1660 1659 1659 1659 1659 1659 1659 1657 1656 1657 1657 1657 1657 1656 1655 1655 1655 1655 1655 1655 1655 1654 1654 1654 1654 1654 1654 1655 1655 1654 1654 1654 1654 1653 1653 1653 1653 1652 1652
1682 1683 1683 1683 1683 1683 1682 1681 1680 1679 1678 1677 1676 1675 1674 1673 1672 1671 1670 1669 1668 1668 1667 1668 1669 1670 1671 1672 1672 1672 1671 1670 1669 1669 1668 1668 1667 1666 1665 1664 1663 1663 1662 1661 1660 1660 1660 1659 1659 1659 1658 1657 1657 1657 1657 1657 1656 1656 1656 1655 1655 1655 1655 1654 1654 1654 1654 1654 1654 1654 1654 1654 1654 1653 1653 1653 1653 1653 1653 1653 1652 1652
1683 1684 1684 1684 1684 1684 1683 1683 1681 1680 1679 1678 1677 1675 1674 1673 1672 1671 1670 1669 1668 1668 1668 1669 1670 1672 1672 1673 1673 1673 1672 1672 1671 1670 1669 1669 1668 1667 1666 1665 1664 1664 1663 1662 1661 1661 1660 1660 1659 1659 1658 1658 1658 1658 1657 1657 1657 1657 1656 1656 1655 1655 1654 1654 1654 1654 1654 1654 1654 1654 1654 1654 1653 1653 1653 1653 1653 1653 1653 1653 1652 1652
1684 1685 1685 1686 1685 1685 1684 1683 1682 1680 1679 1678 1677 1675 1674 1673 1672 1671 1670 1669 1669 1670 1670 1671 1672 1673 1674 1675 1674 1674 1674 1674 1672 1671 1671 1670 1669 1668 1667 1666 1666 1665 1664 1664 1663 1663 1662 1661 1660 1659 1659 1659 1659 1658 1658 1658 1658 1657 1657 1656 1656 1655 1655 1655 1655 1655 1655 1655 1655 1654 1654 1654 1654 1653 1653 1653 1653 1653 1653 1653 1653 1653
1686 1686 1687 1687 1686 1686 1685 1684 1682 1681 1680 1678 1677 1675 1674 1673 1672 1671 1670 1669 1670 1671 1672 1673 1674 1675 1676 1676 1675 1675 1676 1676 1674 1673 1672 1672 1671 1670 1668 1667 1667 1667 1666 1665 1665 1665 1664 1663 1661 1660 1660 1660 1659 1659 1658 1658 1658 1658 1657 1657 1656 1656 1656 1656 1656 1656 1655 1655 1655 1655 1654 1654 1654 1654 1653 1653 1653 1653 1653 1653 1653 1653
1687 1687 1687 1687 1687 1686 1685 1684 1682 1681 1679 1678 1677 1675 1674 1673 1672 1671 1671 1671 1672 1673 1674 1675 1676 1677 1677 1677 1677 1677 1677 1676 1675 1674 1674 1673 1672 1671 1670 1669 1668 1668 1667 1667 1666 1666 1665 1664 1663 1662 1661 1661 1660 1659 1659 1658 1658 1658 1657 1657 1657 1657 1657 1657 1657 1656 1656 1655 1655 1655 1654 1654 1654 1654 1654 1654 1654 1653 1653 1653 1653 1653
1688 1688 1688 1688 1687 1687 1686 1684 1682 1680 1679 1678 1677 1675 1674 1673 1672 1671 1672 1672 1673 1674 1676 1677 1678 1678 1679 1679 1679 1678 1677 1677 1676 1676 1675 1674 1673 1672 1671 1671 1670 1669 1668 1668 1667 1667 1666 1665 1664 1664 1663 1662 1661 1660 1659 1659 1658 1658 1657 1657 1657 1657 1657 1657 1657 1657 1656 1656 1655 1655 1654 1654 1654 1654 1654 1654 1654 1654 1653 1653 1653 1653
1689 1689 1689 1688 1687 1687 1686 1684 1682 1680 1679 1678 1676 1675 1674 1673 1672 1672 1673 1673 1674 1675 1677 1678 1679 1679 1680 1681 1680 1680 1679 1678 1678 1677 1676 1675 1674 1673 1673 1672 1671 1670 1670 1669 1669 1668 1667 1666 1665 1665 1664 1663 1662 1661 1661 1660 1660 1659 1658 1658 1658 1658 1658 1657 1657 1657 1656 1656 1656 1655 1655 1655 1655 1655 1655 1655 1655 1654 1654 1654 1654 1654
1690 1690 1689 1689 1688 1687 1686 1684 1682 1680 1679 1677 1676 1675 1674 1673 1673 1673 1674 1675 1676 1677 1678 1679 1680 1681 1681 1682 1682 1682 1681 1680 1679 1678 1677 1676 1675 1675 1674 1673 1672 1672 1671 1670 1670 1670 1668 1667 1666 1666 1665 1664 1663 1663 1662 1662 1661 1660 1659 1659 1659 1659 1658 1658 1657 1657 1656 1656 1656 1656 1655 1655 1655 1655 1655 1655 1655 1655 1655 1655 1655 1654
1692 1691 1691 1690 1688 1687 1686 1685 1683 1681 1679 1677 1676 1675 1674 1674 1674 1675 1675 1676 1677 1678 1679 1680 1681 1682 1683 1683 1683 1683 1682 1681 1680 1679 1678 1677 1677 1676 1675 1674 1674 1673 1672 1671 1671 1670 1669 1668 1668 1667 1666 1665 1664 1663 1663 1663 1662 1661 1661 1660 1660 1660 1659 1658 1658 1657 1657 1656 1656 1656 1655 1655 1655 1655 1656 1656 1656 1657 1657 1657 1656 1656
1693 1693 1692 1690 1689 1688 1687 1685 1683 1681 1679 1677 1676 1675 1675 1675 1676 1676 1677 1678 1679 1680 1681 1682 1682 1683 1684 1684 1685 1685 1684 1683 1682 1681 1680 1679 1678 1677 1676 1676 1675 1675 1673 1672 1671 1671 1670 1670 1669 1668 1667 1667 1665 1664 1664 1664 1663 1663 1662 1661 1661 1661 1660 1659 1658 1658 1657 1656 1656 1656 1655 1655 1655 1655 1656 1657 1658 1658 1658 1658 1657 1657
1694 1693 1692 1691 1689 1688 1686 1685 1683 1681 1679 1677 1676 1676 1677 1677 1678 1678 1678 1679 1681 1682 1682 1683 1684 1684 1685 1685 1686 1686 1685 1684 1683 1682 1681 1680 1679 1678 1677 1677 1676 1676 1674 1673 1672 1672 1671 1671 1670 1669 1668 1667 1666 1666 1665 1665 1664 1663 1663 1662 1661 1661 1660 1659 1659 1658 1657 1656 1656 1656 1656 1656 1656 1657 1658 1659 1660 1660 1660 1659 1658 1658
1694 1694 1693 1691 1689 1688 1686 1685 1683 1681 1679 1678 1677 1677 1678 1679 1679 1679 1680 1681 1682 1683 1684 1684 1685 1685 1686 1687 1687 1688 1687 1686 1685 1684 1682 1681 1680 1679 1678 1678 1677 1677 1675 1674 1673 1673 1672 1672 1671 1670 1668 1667 1667 1667 1666 1666 1665 1664 1663 1663 1662 1661 1660 1660 1659 1658 1657 1656 1656 1656 1656 1656 1657 1658 1659 1660 1661 1662 1661 1660 1660 1659
1694 1693 1692 1691 1690 1689 1687 1685 1684 1682 1680 1679 1678 1678 1679 1680 1681 1682 1682 1682 1684 1685 1686 1686 1687 1687 1688 1688 1688 1688 1687 1687 1686 1685 1683 1682 1681 1680 1679 1679 1678 1677 1676 1674 1674 1674 1673 1672 1671 1670 1669 1668 1668 1668 1667 1666 1665 1664 1664 1663 1662 1661 1660 1659 1658 1657 1657 1656 1656 1657 1657 1657 1658 1660 1661 1662 1662 1662 1662 1662 1661 1661
1694 1693 1692 1692 1691 1690 1688 1686 1684 1683 1681 1680 1679 1680 1681 1682 1683 1684 1684 1684 1685 1686 1688 1688 1688 1688 1689 1690 1689 1688 1688 1688 1687 1686 1685 1683 1682 1681 1680 1680 1679 1677 1676 1675 1675 1675 1674 1673 1672 1671 1670 1669 1670 1669 1668 1667 1666 1665 1664 1663 1662 1661 1660 1659 1658 1657 1656 1656 1657 1657 1658 1658 1660 1661 1662 1663 1663 1663 1663 1663 1663 1663
1695 1694 1694 1693 1691 1690 1689 1687 1685 1684 1682 1681 1681 1681 1683 1684 1685 1686 1686 1686 1686 1687 1689 1689 1689 1689 1690 1690 1690 1689 1689 1688 1687 1686 1685 1684 1682 1681 1681 1680 1679 1677 1676 1675 1675 1674 1673 1673 1672 1671 1670 1670 1669 1669 1668 1667 1666 1665 1664 1663 1662 1661 1659 1658 1657 1657 1657 1657 1658 1658 1659 1660 1661 1663 1663 1664 1664 1665 1665 1665 1665 1664
1696 1696 1695 1694 1692 1691 1690 1688 1686 1685 1684 1683 1682 1682 1685 1686 1687 1687 1688 1688 1688 1688 1690 1691 1690 1690 1690 1691 1691 1690 1689 1688 1687 1686 1685 1684 1683 1682 1681 1680 1679 1677 1676 1675 1674 1674 1673 1673 1672 1671 1670 1670 1669 1669 1668 1667 1666 1665 1664 1663 1662 1660 1659 1658 1657 1657 1657 1657 1658 1659 1660 1662 1663 1664 1665 1665 1666 1666 1667 1667 1667 1666
1698 1697 1696 1695 1693 1692 1690 1689 1687 1686 1685 1684 1684 1685 1687 1688 1689 1689 1690 1690 1689 1690 1691 1692 1692 1691 1691 1691 1691 1690 1689 1688 1687 1686 1685 1684 1682 1681 1680 1679 1678 1677 1676 1675 1674 1673 1673 1672 1671 1671 1670 1669 1668 1668 1667 1666 1665 1664 1663 1662 1661 1660 1659 1658 1658 1658 1658 1658 1659 1660 1661 1663 1664 1665 1667 1667 1668 1668 1668 1668 1668 1668
1699 1698 1697 1696 1694 1693 1691 1690 1688 1687 1686 1686 1687 1688 1689 1690 1691 1691 1691 1691 1691 1692 1693 1693 1693 1693 1692 1692 1691 1690 1689 1688 1687 1686 1685 1683 1682 1681 1680 1679 1678 1677 1676 1675 1674 1673 1672 1672 1671 1671 1670 1669 1668 1667 1666 1665 1664 1663 1662 1661 1660 1659 1658 1658 1658 1658 1659 1659 1660 1662 1663 1664 1665 1667 1668 1669 1670 1670 1670 1669 1669 1669
1700 1699 1697 1696 1695 1694 1692 1691 1690 1689 1688 1688 1688 1689 1691 1692 1692 1693 1694 1694 1694 1694 1694 1694 1693 1693 1692 1692 1691 1689 1688 1687 1686 1685 1684 1682 1681 1680 1679 1678 1677 1676 1675 1674 1673 1672 1671 1671 1670 1670 1669 1668 1667 1666 1665 1665 1664 1663 1662 1661 1660 1659 1658 1658 1658 1659 1660 1661 1662 1663 1664 1665 1667 1668 1669 1670 1671 1672 1671 1671 1671 1671
1701 1700 1698 1697 1696 1695 1694 1693 1692 1691 1691 1690 1690 1691 1693 1694 1694 1695 1696 1696 1696 1696 1695 1695 1694 1693 1692 1691 1690 1688 1687 1686 1685 1684 1683 1682 1681 1679 1678 1677 1676 1675 1674 1673 1672 1671 1670 1670 1669 1668 1667 1667 1666 1665 1665 1664 1663 1662 1661 1661 1660 1659 1658 1658 1659 1660 1661 1662 1663 1664 1665 1667 1668 1669 1670 1671 1672 1673 1673 1672 1673 1673
1702 1701 1700 1699 1698 1696 1695 1694 1693 1693 1693 1693 1693 1694 1695 1696 1696 1696 1697 1698 1697 1697 1696 1695 1694 1693 1692 1690 1689 1688 1686 1685 1684 1683 1682 1681 1680 1678 1677 1676 1675 1674 1673 1672 1671 1670 1669 1668 1668 1667 1666 1666 1665 1664 1664 1663 1662 1661 1661 1660 1659 1659 1659 1659 1660 1661 1662 1663 1664 1665 1666 1668 1669 1670 1671 1672 1673 1674 1674 1674 1674 1674
1703 1703 1702 1701 1699 1698 1696 1695 1695 1695 1695 1695 1696 1696 1697 1697 1697 1698 1698 1699 1698 1698 1696 1695 1694 1692 1691 1690 1689 1687 1686 1684 1683 1682 1681 1679 1678 1677 1676 1674 1673 1672 1671 1670 1669 1669 1668 1667 1666 1666 1665 1665 1664 1664 1663 1662 1661 1660 1660 1660 1659 1659 1660 1660 1661 1662 1663 1664 1666 1667 1668 1669 1670 1672 1673 1674 1675 1675 1675 1675 1675 1675
1704 1704 1703 1702 1700 1699 1698 1697 1697 1697 1697 1697 1697 1697 1698 1699 1699 1699 1699 1699 1699 1698 1696 1695 1693 1692 1690 1689 1688 1686 1685 1683 1682 1681 1680 1678 1677 1676 1674 1673 1672 1671 1670 1669 1668 1668 1667 1666 1665 1665 1664 1664 1664 1663 1662 1662 1661 1660 1660 1659 1660 1660 1661 1661 1662 1663 1664 1666 1667 1669 1670 1671 1672 1673 1674 1675 1676 1677 1677 1677 1677 1677
1705 1705 1704 1703 1702 1701 1700 1699 1699 1699 1699 1699 1699 1699 1700 1700 1700 1700 1700 1700 1699 1698 1696 1694 1693 1691 1690 1688 1687 1685 1684 1682 1681 1679 1678 1677 1676 1674 1673 1671 1670 1670 1669 1668 1667 1667 1666 1666 1665 1664 1663 1663 1663 1663 1662 1661 1660 1660 1659 1659 1660 1660 1661 1662 1663 1664 1666 1667 1669 1670 1671 1672 1673 1674 1675 1676 1677 1678 1678 1678 1678 1678
1706 1705 1705 1704 1704 1703 1701 1700 1700 1700 1700 1700 1700 1700 1702 1702 1702 1701 1700 1700 1699 1698 1696 1694 1693 1691 1690 1688 1686 1684 1683 1681 1680 1678 1677 1676 1675 1673 1672 1670 1669 1669 1668 1667 1667 1666 1666 1666 1665 1664 1664 1664 1663 1663 1662 1661 1661 1660 1660 1660 1661 1661 1662 1663 1664 1666 1667 1668 1670 1671 1672 1673 1674 1675 1676 1677 1678 1679 1679 1679 1679 1678
