Figure_4/sev5m_nad27.txt
ncols         799
nrows         285
xllcorner     317313.15113282
yllcorner     3808005.4841961
cellsize      5
NODATA_value  -9999
[rows 180 to 215 of 285, columns 328 to 409 of 799]
1647 1647 1646 1646 1646 1646 1646 1646 1646 1646 1645 1645 1645 1645 1645 1645 1645 1646 1645 1645 1645 1645 1644 1643 1641 1640 1639 1638 1636 1635 1634 1633 1632 1631 1631 1631 1631 1631 1631 1631 1632 1632 1633 1633 1633 1633 1633 1633 1633 1633 1633 1633 1633 1633 1633 1632 1632 1632 1632 1631 1631 1631 1631 1631 1631 1631 1631 1631 1631 1632 1632 1632 1632 1632 1632 1632 1632 1632 1631 1631 1631 1631
1646 1646 1645 1645 1645 1644 1645 1645 1645 1645 1644 1644 1644 1644 1644 1644 1644 1644 1644 1644 1644 1644 1643 1642 1641 1640 1639 1637 1636 1635 1634 1634 1633 1632 1632 1632 1632 1632 1632 1632 1632 1633 1633 1633 1633 1634 1633 1633 1633 1634 1633 1633 1633 1633 1633 1633 1632 1632 1632 1632 1632 1632 1632 1632 1632 1632 1631 1631 1631 1632 1632 1632 1632 1632 1632 1632 1632 1631 1631 1631 1631 1631
1645 1645 1644 1644 1643 1643 1643 1644 1644 1644 1643 1643 1643 1643 1643 1643 1643 1643 1643 1643 1643 1643 1642 1642 1641 1640 1638 1637 1636 1635 1635 1634 1634 1633 1633 1632 1633 1633 1633 1633 1633 1633 1633 1633 1634 1634 1634 1633 1634 1634 1634 1633 1633 1633 1633 1633 1633 1632 1632 1632 1633 1633 1633 1632 1632 1632 1632 1631 1632 1632 1632 1632 1632 1632 1632 1632 1631 1631 1631 1631 1631 1631
1645 1644 1643 1643 1642 1642 1642 1642 1642 1642 1642 1642 1642 1642 1642 1642 1642 1642 1642 1642 1642 1642 1641 1640 1640 1639 1638 1637 1636 1636 1635 1634 1634 1634 1633 1633 1633 1633 1633 1634 1634 1634 1633 1633 1634 1634 1634 1634 1634 1634 1634 1633 1633 1633 1633 1633 1633 1633 1633 1633 1633 1633 1633 1632 1632 1632 1632 1632 1632 1632 1632 1632 1632 1632 1632 1631 1631 1631 1631 1631 1631 1631
1644 1643 1643 1642 1641 1641 1641 1641 1641 1641 1641 1641 1641 1641 1641 1641 1641 1641 1641 1641 1641 1641 1640 1639 1639 1639 1638 1637 1636 1636 1635 1634 1634 1634 1634 1633 1633 1633 1634 1634 1634 1634 1633 1633 1634 1634 1634 1634 1634 1634 1634 1633 1633 1633 1633 1633 1633 1633 1633 1633 1633 1633 1633 1632 1632 1632 1632 1632 1632 1632 1632 1632 1632 1632 1631 1631 1631 1631 1631 1631 1631 1631
1644 1643 1643 1643 1641 1640 1640 1640 1640 1640 1639 1639 1639 1639 1639 1639 1639 1639 1640 1640 1640 1640 1639 1638 1638 1638 1637 1636 1636 1636 1635 1635 1635 1635 1634 1634 1634 1634 1634 1634 1634 1633 1633 1633 1634 1634 1634 1634 1634 1634 1634 1633 1633 1633 1633 1633 1633 1633 1633 1633 1633 1633 1633 1633 1633 1633 1632 1632 1632 1632 1632 1631 1631 1631 1631 1631 1631 1630 1630 1630 1630 1630
1644 1643 1643 1643 1642 1640 1640 1639 1639 1639 1638 1638 1638 1638 1638 1638 1638 1638 1638 1639 1639 1639 1638 1637 1637 1637 1636 1636 1636 1636 1635 1635 1635 1635 1635 1634 1634 1634 1634 1634 1634 1633 1633 1633 1634 1634 1634 1634 1634 1634 1634 1633 1633 1633 1633 1633 1633 1633 1633 1633 1633 1633 1633 1633 1633 1633 1632 1632 1632 1632 1632 1631 1631 1631 1631 1631 1630 1630 1630 1630 1630 1630
1646 1645 1645 1645 1643 1642 1641 1641 1640 1639 1638 1638 1637 1637 1637 1637 1637 1637 1637 1638 1638 1638 1637 1636 1636 1636 1636 1635 1635 1635 1635 1635 1635 1635 1635 1635 1635 1635 1634 1634 1634 1634 1633 1633 1634 1634 1634 1634 1634 1634 1634 1634 1633 1633 1633 1633 1633 1633 1633 1633 1633 1632 1632 1632 1632 1632 1632 1631 1632 1632 1632 1631 1631 1630 1630 1630 1630 1630 1630 1630 1630 1630
1647 1647 1646 1646 1645 1643 1643 1642 1641 1639 1639 1638 1637 1636 1636 1636 1636 1636 1636 1637 1637 1637 1636 1636 1635 1635 1635 1635 1635 1635 1635 1635 1635 1635 1635 1635 1635 1635 1634 1634 1634 1634 1633 1633 1634 1634 1634 1634 1634 1634 1634 1634 1633 1633 1633 1633 1633 1633 1633 1633 1632 1632 1632 1632 1632 1632 1631 1631 1631 1632 1631 1631 1630 1630 1630 1630 1630 1630 1630 1630 1630 1630
1647 1647 1646 1646 1645 1645 1644 1643 1641 1640 1639 1639 1638 1637 1636 1635 1635 1635 1636 1636 1636 1636 1635 1635 1635 1634 1635 1635 1635 1635 1635 1635 1635 1635 1635 1635 1635 1635 1634 1634 1634 1633 1634 1634 1634 1634 1634 1633 1633 1633 1633 1633 1633 1633 1633 1633 1633 1633 1633 1632 1632 1631 1631 1631 1631 1631 1631 1630 1631 1631 1631 1630 1630 1630 1630 1629 1629 1629 1629 1629 1629 1629
1647 1647 1646 1646 1646 1646 1645 1644 1642 1640 1640 1639 1638 1637 1636 1635 1635 1635 1635 1635 1635 1635 1634 1634 1634 1634 1634 1635 1635 1635 1635 1635 1635 1635 1635 1635 1635 1635 1634 1634 1633 1633 1633 1634 1634 1634 1633 1633 1633 1633 1633 1633 1633 1633 1633 1633 1633 1633 1632 1632 1631 1631 1630 1630 1630 1630 1630 1630 1630 1631 1630 1630 1630 1630 1629 1629 1629 1629 1629 1629 1629 1629
1647 1647 1646 1646 1646 1645 1645 1644 1643 1641 1640 1639 1638 1637 1636 1635 1635 1634 1634 1634 1634 1634 1634 1633 1633 1633 1634 1634 1635 1635 1635 1634 1635 1635 1635 1634 1634 1634 1634 1634 1633 1633 1633 1633 1633 1633 1633 1633 1633 1633 1633 1633 1633 1633 1633 1633 1633 1632 1632 1631 1630 1630 1630 1629 1629 1629 1629 1629 1630 1630 1630 1629 1629 1629 1629 1628 1628 1628 1629 1629 1629 1628
1647 1647 1646 1646 1645 1645 1644 1644 1643 1642 1640 1639 1638 1637 1636 1635 1634 1634 1634 1634 1633 1633 1633 1633 1633 1633 1633 1634 1634 1635 1634 1634 1634 1635 1634 1634 1634 1634 1634 1634 1633 1633 1633 1633 1633 1633 1633 1633 1633 1633 1633 1633 1633 1633 1633 1633 1632 1632 1631 1630 1629 1629 1629 1629 1628 1628 1628 1629 1629 1629 1629 1629 1629 1629 1628 1628 1628 1628 1628 1629 1628 1628
1646 1646 1646 1645 1645 1644 1643 1643 1642 1641 1640 1639 1638 1637 1636 1635 1634 1634 1634 1634 1633 1633 1633 1632 1632 1632 1633 1633 1634 1634 1634 1634 1634 1634 1634 1633 1633 1633 1633 1633 1633 1632 1632 1632 1632 1632 1632 1632 1632 1632 1632 1632 1632 1632 1632 1632 1631 1631 1630 1629 1628 1627 1627 1627 1627 1627 1627 1628 1628 1628 1628 1628 1628 1628 1628 1627 1627 1627 1628 1628 1628 1627
1646 1646 1645 1645 1644 1643 1642 1642 1641 1641 1640 1639 1638 1637 1636 1635 1634 1634 1634 1634 1633 1633 1632 1632 1632 1632 1632 1633 1633 1634 1634 1634 1634 1634 1633 1633 1633 1633 1633 1633 1632 1632 1632 1632 1632 1632 1632 1632 1632 1632 1632 1632 1632 1632 1631 1631 1630 1630 1629 1628 1627 1626 1626 1626 1626 1626 1626 1627 1627 1627 1627 1628 1627 1627 1627 1627 1627 1627 1627 1627 1627 1627
1645 1645 1644 1643 1642 1642 1641 1641 1640 1639 1638 1638 1637 1636 1636 1635 1634 1633 1633 1633 1633 1632 1632 1632 1631 1631 1631 1632 1632 1633 1633 1633 1633 1633 1633 1632 1632 1632 1632 1632 1632 1631 1631 1631 1631 1631 1631 1631 1631 1631 1631 1631 1631 1631 1630 1630 1629 1628 1627 1626 1625 1624 1624 1624 1624 1625 1625 1625 1625 1626 1626 1627 1626 1626 1626 1626 1626 1626 1626 1626 1626 1626
1644 1644 1643 1642 1641 1641 1640 1640 1639 1638 1637 1637 1636 1636 1635 1635 1634 1633 1633 1633 1632 1632 1632 1632 1631 1630 1630 1631 1631 1632 1632 1633 1632 1632 1632 1632 1632 1632 1631 1631 1631 1631 1631 1631 1630 1630 1630 1631 1631 1631 1631 1631 1630 1630 1629 1629 1628 1627 1626 1625 1624 1623 1623 1623 1623 1624 1624 1624 1624 1625 1625 1626 1625 1625 1625 1626 1625 1625 1625 1625 1625 1625
1642 1642 1641 1641 1640 1640 1639 1639 1638 1637 1636 1636 1635 1635 1634 1634 1633 1632 1633 1633 1632 1631 1631 1631 1630 1629 1630 1630 1630 1631 1631 1632 1632 1631 1631 1631 1631 1631 1631 1630 1630 1630 1630 1630 1630 1629 1630 1630 1630 1630 1630 1630 1629 1629 1628 1628 1627 1626 1625 1624 1623 1622 1622 1622 1622 1622 1622 1623 1623 1623 1624 1624 1624 1624 1624 1625 1624 1624 1624 1624 1624 1624
1641 1641 1640 1640 1639 1639 1638 1638 1637 1636 1635 1635 1634 1634 1633 1633 1632 1632 1632 1633 1632 1631 1631 1631 1630 1629 1629 1629 1629 1630 1630 1631 1631 1631 1631 1631 1630 1630 1630 1630 1630 1630 1629 1629 1629 1629 1629 1629 1629 1629 1629 1629 1628 1628 1627 1627 1626 1625 1624 1623 1622 1621 1621 1621 1621 1621 1621 1622 1622 1622 1622 1623 1623 1623 1623 1624 1623 1623 1623 1624 1624 1624
1639 1639 1639 1639 1638 1638 1637 1637 1636 1635 1635 1634 1634 1633 1633 1632 1632 1631 1632 1632 1631 1630 1630 1630 1630 1630 1629 1629 1629 1629 1630 1630 1630 1630 1630 1630 1630 1629 1629 1629 1629 1629 1629 1628 1628 1628 1628 1628 1628 1628 1628 1628 1627 1627 1626 1625 1624 1624 1623 1622 1621 1621 1621 1620 1620 1620 1621 1621 1621 1621 1621 1622 1622 1622 1622 1623 1622 1622 1622 1623 1623 1623
1638 1638 1638 1638 1637 1637 1636 1636 1635 1634 1634 1634 1633 1632 1632 1632 1631 1631 1631 1631 1630 1630 1630 1630 1630 1630 1629 1629 1628 1628 1629 1630 1630 1630 1629 1629 1629 1629 1629 1629 1628 1628 1628 1628 1627 1627 1627 1628 1628 1628 1627 1627 1626 1626 1625 1624 1623 1623 1622 1621 1621 1621 1620 1620 1620 1620 1620 1620 1620 1620 1620 1621 1621 1621 1621 1622 1621 1621 1621 1622 1622 1622
1638 1637 1637 1637 1637 1636 1636 1635 1634 1633 1633 1633 1632 1632 1631 1631 1631 1631 1631 1630 1630 1629 1629 1629 1629 1629 1629 1628 1628 1627 1628 1629 1629 1629 1629 1629 1629 1628 1628 1628 1628 1627 1627 1627 1627 1626 1627 1627 1627 1627 1626 1626 1625 1624 1623 1623 1623 1622 1622 1621 1621 1620 1620 1620 1620 1620 1620 1620 1620 1619 1620 1620 1620 1620 1620 1621 1621 1620 1621 1621 1621 1621
1637 1637 1636 1636 1636 1636 1635 1634 1633 1633 1632 1632 1632 1632 1631 1630 1630 1631 1630 1630 1629 1629 1629 1629 1629 1629 1628 1628 1627 1627 1627 1628 1628 1629 1629 1629 1628 1628 1627 1627 1627 1627 1626 1626 1626 1626 1626 1626 1626 1626 1625 1625 1624 1623 1622 1622 1622 1622 1621 1621 1620 1620 1620 1620 1620 1620 1620 1620 1620 1619 1619 1619 1619 1619 1619 1620 1620 1620 1620 1620 1620 1620
1635 1635 1635 1635 1634 1634 1633 1633 1633 1632 1632 1631 1631 1631 1631 1630 1630 1630 1630 1629 1629 1628 1628 1628 1628 1628 1628 1627 1627 1626 1627 1627 1627 1628 1628 1628 1628 1627 1627 1626 1626 1626 1626 1625 1625 1625 1625 1625 1625 1625 1624 1624 1623 1622 1622 1621 1621 1621 1621 1620 1620 1620 1620 1620 1620 1620 1620 1620 1620 1619 1619 1619 1619 1618 1619 1619 1619 1619 1619 1619 1619 1619
1634 1634 1634 1634 1633 1633 1632 1632 1632 1632 1631 1631 1631 1631 1630 1630 1630 1630 1629 1629 1628 1628 1627 1627 1627 1628 1627 1627 1626 1626 1626 1626 1626 1627 1627 1627 1627 1627 1626 1626 1625 1625 1625 1625 1624 1624 1624 1625 1624 1624 1623 1623 1622 1621 1621 1621 1621 1621 1621 1620 1620 1620 1620 1620 1620 1620 1620 1620 1619 1619 1619 1619 1618 1618 1618 1618 1618 1619 1619 1619 1619 1619
1634 1633 1633 1633 1633 1632 1632 1631 1631 1631 1631 1630 1630 1630 1630 1629 1629 1629 1629 1628 1628 1627 1627 1627 1627 1627 1627 1626 1626 1626 1626 1625 1626 1626 1626 1626 1626 1626 1626 1625 1625 1624 1624 1624 1624 1623 1624 1624 1624 1623 1623 1622 1622 1622 1621 1621 1621 1621 1621 1620 1620 1620 1620 1621 1620 1620 1620 1619 1619 1619 1619 1618 1618 1618 1618 1618 1618 1618 1618 1618 1618 1618
1633 1633 1632 1632 1632 1632 1631 1631 1630 1630 1630 1630 1630 1630 1629 1629 1629 1629 1628 1628 1627 1627 1627 1627 1627 1627 1626 1626 1626 1626 1625 1625 1625 1626 1626 1626 1626 1626 1625 1625 1624 1624 1624 1624 1623 1623 1623 1623 1623 1623 1622 1622 1622 1622 1622 1621 1621 1621 1621 1620 1620 1620 1620 1621 1621 1620 1620 1619 1619 1619 1619 1618 1618 1618 1618 1618 1618 1618 1618 1618 1617 1617
1632 1632 1632 1631 1631 1631 1631 1630 1630 1629 1629 1629 1629 1629 1629 1628 1628 1628 1628 1628 1627 1627 1627 1627 1627 1626 1626 1626 1626 1626 1625 1625 1625 1625 1625 1625 1625 1625 1625 1624 1624 1623 1623 1623 1623 1623 1623 1622 1622 1622 1622 1622 1622 1622 1622 1622 1622 1622 1621 1621 1620 1620 1620 1621 1621 1621 1620 1620 1619 1619 1619 1619 1619 1619 1618 1618 1618 1618 1618 1617 1617 1617
1632 1632 1631 1631 1631 1630 1630 1630 1630 1629 1629 1629 1629 1629 1628 1628 1628 1628 1628 1628 1628 1627 1627 1627 1626 1626 1626 1626 1626 1626 1625 1625 1625 1625 1624 1624 1624 1625 1624 1624 1623 1623 1623 1623 1623 1623 1623 1622 1622 1622 1622 1622 1622 1622 1622 1622 1622 1622 1622 1621 1621 1620 1621 1621 1621 1621 1621 1620 1620 1619 1619 1619 1619 1619 1619 1618 1618 1618 1618 1617 1617 1617
1632 1631 1632 1632 1632 1632 1632 1632 1631 1630 1630 1629 1629 1629 1628 1628 1628 1628 1628 1628 1628 1628 1627 1627 1626 1626 1626 1626 1626 1626 1625 1625 1625 1624 1624 1624 1624 1624 1624 1623 1623 1623 1623 1623 1623 1623 1623 1623 1622 1622 1622 1622 1622 1622 1622 1623 1622 1622 1622 1621 1621 1621 1621 1621 1621 1621 1621 1620 1620 1620 1620 1620 1619 1619 1619 1619 1619 1619 1618 1618 1618 1618
1632 1631 1632 1632 1633 1633 1633 1633 1632 1631 1630 1629 1629 1629 1629 1628 1628 1628 1628 1628 1628 1628 1628 1627 1627 1626 1626 1626 1626 1626 1626 1625 1625 1624 1624 1624 1624 1624 1624 1623 1623 1623 1623 1623 1623 1623 1623 1623 1623 1622 1622 1622 1622 1622 1623 1623 1623 1622 1622 1621 1621 1621 1621 1621 1621 1621 1621 1620 1620 1620 1620 1620 1620 1619 1619 1619 1620 1620 1619 1618 1618 1618
1633 1633 1633 1633 1634 1634 1634 1634 1633 1632 1631 1630 1630 1630 1629 1629 1628 1628 1628 1628 1628 1629 1628 1628 1627 1627 1627 1627 1627 1627 1626 1626 1626 1626 1626 1625 1625 1625 1624 1624 1624 1624 1625 1625 1625 1625 1624 1624 1623 1623 1623 1622 1622 1623 1623 1624 1623 1623 1622 1622 1622 1622 1621 1621 1621 1621 1621 1621 1621 1621 1621 1621 1620 1620 1620 1620 1620 1621 1620 1619 1619 1619
1634 1634 1634 1634 1635 1635 1635 1635 1634 1633 1632 1630 1631 1631 1630 1629 1629 1628 1628 1628 1629 1629 1628 1628 1627 1627 1627 1627 1627 1627 1627 1627 1627 1627 1627 1626 1626 1626 1625 1624 1625 1625 1626 1626 1626 1626 1625 1624 1624 1624 1623 1622 1623 1623 1624 1624 1624 1623 1623 1622 1622 1622 1622 1621 1621 1621 1621 1621 1621 1621 1621 1621 1621 1621 1621 1621 1621 1621 1621 1620 1620 1620
1635 1635 1635 1635 1635 1636 1635 1635 1635 1634 1633 1632 1632 1632 1631 1630 1629 1629 1629 1629 1629 1628 1628 1628 1627 1627 1627 1627 1628 1628 1629 1629 1628 1628 1627 1627 1627 1627 1626 1625 1626 1626 1626 1626 1626 1626 1626 1625 1625 1625 1624 1623 1623 1624 1624 1624 1624 1623 1623 1623 1622 1622 1622 1622 1622 1622 1622 1622 1622 1622 1621 1621 1621 1621 1621 1621 1621 1621 1621 1621 1620 1620
1636 1636 1636 1636 1636 1636 1636 1635 1635 1635 1634 1633 1633 1633 1632 1630 1630 1629 1630 1630 1629 1628 1628 1628 1628 1627 1627 1627 1628 1629 1630 1630 1629 1628 1628 1627 1627 1627 1627 1626 1627 1627 1627 1626 1626 1626 1626 1626 1625 1625 1625 1624 1624 1624 1624 1624 1624 1623 1623 1623 1623 1622 1622 1622 1622 1622 1622 1622 1622 1622 1622 1621 1621 1621 1621 1621 1621 1621 1621 1621 1620 1620
1637 1637 1637 1637 1637 1636 1636 1636 1636 1635 1634 1634 1633 1633 1632 1631 1631 1630 1630 1629 1629 1628 1629 1629 1629 1629 1628 1628 1629 1630 1630 1630 1629 1628 1628 1628 1627 1627 1627 1627 1627 1628 1627 1626 1626 1626 1626 1625 1625 1625 1625 1625 1625 1625 1624 1624 1624 1623 1623 1623 1623 1623 1622 1622 1622 1622 1622 1622 1622 1622 1622 1621 1621 1621 1621 1621 1621 1620 1620 1620 1620 1619
