Figure_4/sev5m_nad27.txt
ncols         799
nrows         285
xllcorner     317313.15113282
yllcorner     3808005.4841961
cellsize      5
NODATA_value  -9999
[rows 180 to 215 of 285, columns 246 to 327 of 799]
1659 1657 1655 1654 1655 1655 1656 1657 1658 1659 1661 1662 1664 1665 1666 1666 1666 1666 1666 1666 1667 1667 1666 1665 1666 1666 1667 1667 1666 1666 1665 1663 1664 1664 1664 1664 1663 1662 1663 1663 1663 1663 1664 1665 1666 1667 1666 1665 1665 1664 1665 1666 1665 1664 1665 1666 1666 1666 1666 1665 1666 1666 1665 1665 1664 1664 1663 1663 1662 1661 1659 1658 1656 1655 1654 1653 1652 1651 1650 1649 1648 1648
1660 1658 1657 1656 1656 1656 1658 1659 1660 1660 1662 1664 1665 1666 1667 1667 1668 1668 1668 1667 1667 1668 1667 1667 1667 1667 1666 1666 1667 1667 1666 1665 1665 1665 1664 1663 1664 1664 1664 1664 1664 1664 1665 1665 1665 1666 1666 1666 1665 1665 1665 1665 1665 1665 1665 1665 1666 1667 1666 1666 1666 1666 1665 1665 1664 1663 1663 1662 1661 1660 1659 1657 1656 1654 1653 1652 1651 1650 1649 1648 1647 1647
1661 1659 1658 1657 1657 1658 1659 1660 1661 1662 1664 1665 1666 1667 1668 1668 1669 1670 1669 1668 1668 1668 1668 1668 1667 1667 1666 1666 1666 1667 1667 1667 1666 1665 1664 1663 1664 1665 1664 1664 1665 1665 1665 1665 1665 1665 1666 1666 1665 1665 1665 1665 1666 1666 1665 1665 1666 1667 1666 1666 1666 1666 1665 1665 1664 1663 1662 1662 1661 1660 1658 1657 1655 1654 1653 1652 1650 1649 1648 1647 1646 1646
1662 1661 1660 1659 1659 1660 1661 1662 1663 1664 1665 1666 1667 1668 1668 1669 1669 1669 1669 1669 1668 1668 1668 1667 1668 1667 1666 1665 1666 1666 1666 1666 1666 1665 1665 1665 1665 1665 1665 1664 1665 1666 1665 1665 1665 1665 1665 1665 1665 1665 1665 1665 1665 1665 1665 1664 1665 1666 1666 1665 1665 1665 1665 1664 1663 1662 1662 1661 1660 1659 1658 1656 1655 1653 1653 1652 1650 1649 1648 1647 1646 1645
1663 1662 1661 1661 1661 1662 1663 1664 1665 1665 1666 1667 1668 1669 1669 1669 1669 1669 1669 1669 1668 1668 1667 1667 1668 1668 1666 1665 1665 1665 1666 1666 1665 1665 1665 1666 1666 1666 1665 1664 1665 1666 1665 1665 1665 1665 1665 1665 1665 1665 1665 1665 1665 1665 1664 1664 1664 1665 1665 1665 1665 1665 1664 1664 1663 1662 1661 1661 1659 1658 1657 1656 1654 1653 1652 1652 1650 1649 1648 1647 1646 1645
1664 1663 1663 1663 1663 1664 1665 1666 1666 1667 1668 1668 1669 1670 1670 1670 1670 1670 1670 1669 1669 1668 1668 1668 1667 1667 1667 1666 1666 1666 1665 1665 1665 1664 1665 1665 1665 1665 1665 1664 1665 1665 1665 1664 1664 1665 1665 1664 1664 1664 1664 1664 1664 1664 1664 1663 1664 1664 1663 1663 1663 1663 1663 1662 1662 1661 1661 1660 1658 1657 1656 1655 1654 1652 1652 1651 1650 1648 1648 1647 1646 1645
1665 1664 1665 1665 1665 1666 1666 1667 1668 1668 1669 1670 1670 1670 1671 1671 1670 1670 1670 1670 1669 1668 1668 1668 1667 1667 1667 1667 1666 1666 1665 1665 1664 1664 1664 1665 1665 1665 1664 1664 1664 1665 1664 1663 1664 1665 1664 1664 1663 1663 1663 1663 1663 1664 1663 1663 1663 1663 1662 1662 1662 1662 1661 1661 1661 1661 1660 1660 1658 1656 1655 1654 1653 1652 1651 1650 1649 1648 1648 1647 1646 1645
1666 1666 1667 1667 1667 1668 1668 1669 1669 1669 1670 1671 1671 1671 1671 1671 1670 1670 1670 1669 1669 1668 1667 1667 1666 1666 1665 1665 1665 1664 1664 1663 1663 1663 1663 1663 1663 1663 1663 1663 1663 1663 1663 1662 1663 1663 1662 1662 1661 1661 1661 1661 1662 1662 1662 1662 1661 1661 1661 1661 1661 1661 1660 1660 1659 1659 1659 1658 1656 1655 1654 1653 1653 1652 1651 1650 1649 1649 1648 1648 1647 1647
1668 1668 1669 1669 1669 1669 1670 1670 1670 1670 1671 1671 1671 1671 1671 1671 1670 1670 1669 1669 1668 1668 1667 1666 1665 1665 1664 1664 1663 1663 1662 1662 1662 1662 1662 1662 1662 1662 1662 1662 1662 1662 1662 1662 1662 1662 1661 1660 1660 1660 1660 1660 1660 1661 1661 1661 1660 1660 1660 1660 1660 1660 1659 1659 1658 1658 1657 1657 1655 1654 1653 1653 1652 1652 1651 1650 1650 1649 1649 1648 1648 1648
1670 1670 1670 1670 1670 1670 1670 1671 1671 1671 1671 1672 1671 1671 1671 1670 1670 1669 1668 1668 1667 1666 1665 1665 1664 1663 1663 1663 1662 1661 1661 1660 1660 1660 1660 1660 1660 1660 1660 1660 1661 1661 1660 1660 1660 1660 1659 1659 1659 1659 1658 1658 1659 1659 1659 1659 1658 1658 1658 1658 1658 1658 1658 1658 1657 1656 1656 1656 1654 1653 1653 1652 1651 1651 1650 1650 1650 1650 1649 1648 1648 1648
1672 1671 1671 1671 1671 1671 1671 1671 1672 1672 1672 1672 1671 1671 1670 1670 1669 1669 1668 1667 1666 1665 1664 1664 1663 1662 1662 1661 1661 1660 1659 1659 1659 1659 1659 1659 1659 1659 1659 1659 1659 1659 1659 1658 1658 1659 1658 1658 1658 1658 1657 1657 1657 1658 1657 1657 1657 1657 1657 1657 1657 1657 1657 1657 1656 1655 1655 1655 1654 1653 1652 1651 1650 1650 1650 1650 1650 1650 1649 1648 1648 1648
1672 1672 1672 1672 1672 1672 1672 1672 1672 1672 1672 1672 1671 1670 1670 1669 1668 1668 1667 1666 1665 1664 1663 1662 1661 1660 1660 1659 1659 1658 1658 1657 1657 1657 1657 1657 1657 1657 1657 1657 1657 1658 1657 1657 1657 1657 1657 1656 1656 1656 1655 1655 1655 1656 1656 1656 1655 1655 1655 1655 1655 1655 1655 1655 1654 1654 1653 1653 1652 1652 1651 1650 1650 1649 1649 1649 1649 1649 1648 1648 1648 1647
1673 1673 1673 1673 1673 1672 1672 1672 1672 1672 1672 1672 1671 1670 1669 1669 1668 1667 1666 1665 1664 1663 1662 1661 1660 1659 1658 1658 1657 1657 1656 1656 1656 1656 1656 1656 1656 1656 1656 1656 1656 1656 1656 1656 1656 1656 1655 1655 1654 1654 1654 1654 1654 1654 1654 1655 1654 1654 1654 1654 1654 1654 1654 1654 1653 1653 1652 1652 1651 1651 1650 1649 1649 1649 1648 1648 1648 1648 1648 1648 1647 1647
1673 1674 1674 1674 1673 1673 1673 1673 1673 1673 1672 1672 1671 1670 1669 1668 1667 1666 1665 1664 1662 1661 1660 1659 1658 1658 1657 1656 1656 1656 1655 1654 1654 1654 1654 1654 1655 1655 1654 1654 1654 1654 1654 1654 1654 1654 1654 1653 1653 1652 1652 1652 1653 1653 1653 1653 1653 1652 1653 1653 1653 1653 1653 1653 1652 1652 1651 1650 1650 1650 1649 1648 1648 1648 1647 1647 1647 1647 1647 1647 1647 1646
1674 1674 1674 1674 1674 1674 1673 1673 1673 1673 1672 1672 1671 1670 1669 1668 1666 1665 1664 1662 1661 1660 1659 1658 1657 1657 1656 1655 1655 1655 1654 1653 1653 1653 1653 1653 1653 1654 1653 1653 1652 1652 1652 1653 1653 1652 1652 1652 1651 1651 1651 1651 1651 1652 1652 1652 1651 1651 1651 1652 1652 1652 1652 1652 1651 1651 1650 1649 1649 1649 1648 1647 1647 1647 1646 1646 1646 1647 1646 1646 1646 1646
1674 1674 1674 1674 1674 1673 1673 1673 1673 1673 1672 1671 1670 1669 1668 1667 1665 1664 1662 1661 1660 1659 1657 1656 1656 1655 1654 1654 1653 1653 1652 1652 1651 1651 1651 1651 1652 1652 1652 1651 1651 1651 1651 1651 1651 1651 1650 1650 1650 1650 1649 1649 1650 1650 1650 1650 1650 1650 1650 1650 1651 1651 1651 1651 1651 1650 1649 1648 1647 1647 1646 1646 1646 1646 1645 1645 1645 1646 1645 1645 1645 1645
1674 1674 1674 1674 1673 1673 1673 1673 1673 1673 1672 1671 1670 1669 1667 1666 1664 1663 1661 1660 1659 1658 1656 1655 1654 1654 1653 1653 1652 1652 1651 1651 1650 1650 1650 1650 1650 1651 1650 1650 1650 1650 1650 1650 1649 1649 1649 1649 1649 1649 1648 1648 1648 1649 1649 1649 1649 1649 1649 1649 1650 1651 1651 1651 1650 1649 1648 1647 1646 1646 1645 1645 1645 1645 1644 1644 1644 1645 1644 1644 1644 1644
1674 1674 1674 1674 1673 1673 1673 1672 1673 1673 1672 1671 1670 1669 1667 1666 1665 1663 1662 1660 1658 1657 1655 1654 1654 1653 1652 1651 1651 1651 1650 1650 1649 1649 1649 1649 1649 1649 1649 1648 1648 1648 1648 1648 1648 1648 1648 1648 1647 1647 1647 1647 1647 1648 1648 1648 1647 1647 1647 1648 1649 1650 1650 1650 1649 1648 1647 1646 1645 1645 1644 1643 1643 1643 1643 1643 1643 1643 1643 1643 1642 1642
1674 1674 1674 1674 1673 1673 1672 1672 1672 1673 1672 1671 1670 1669 1667 1666 1665 1664 1662 1660 1658 1656 1655 1654 1654 1653 1651 1650 1650 1650 1649 1649 1648 1648 1648 1648 1648 1648 1647 1647 1647 1647 1647 1647 1647 1647 1647 1647 1646 1646 1646 1646 1646 1647 1647 1647 1646 1646 1646 1647 1648 1649 1649 1649 1648 1648 1646 1645 1644 1644 1643 1642 1642 1642 1642 1642 1642 1642 1642 1642 1641 1641
1673 1673 1673 1673 1673 1673 1672 1671 1672 1672 1672 1671 1670 1669 1667 1666 1665 1664 1662 1660 1658 1656 1655 1655 1654 1653 1652 1650 1650 1650 1649 1648 1648 1647 1647 1647 1647 1647 1646 1646 1646 1646 1645 1645 1645 1645 1645 1645 1645 1644 1644 1645 1645 1645 1645 1645 1645 1645 1645 1646 1647 1648 1648 1648 1648 1647 1646 1644 1643 1642 1641 1641 1640 1640 1640 1640 1640 1640 1640 1641 1640 1640
1673 1673 1673 1673 1673 1673 1672 1671 1671 1671 1671 1672 1670 1669 1667 1666 1665 1664 1662 1660 1658 1656 1656 1655 1655 1654 1652 1650 1650 1650 1649 1648 1648 1647 1647 1646 1646 1646 1645 1645 1645 1645 1644 1644 1644 1644 1644 1644 1643 1643 1643 1644 1644 1644 1644 1644 1644 1644 1644 1645 1646 1647 1647 1647 1647 1647 1645 1644 1642 1641 1640 1640 1639 1639 1639 1639 1639 1639 1639 1640 1639 1639
1673 1673 1673 1673 1673 1672 1672 1672 1671 1670 1671 1671 1669 1668 1667 1666 1664 1663 1662 1660 1659 1658 1657 1656 1655 1654 1653 1652 1652 1651 1650 1650 1649 1648 1648 1647 1647 1646 1645 1645 1645 1644 1644 1643 1643 1643 1643 1643 1643 1642 1643 1643 1643 1643 1643 1643 1643 1642 1643 1644 1644 1645 1645 1646 1645 1645 1644 1643 1642 1640 1639 1639 1638 1638 1638 1638 1638 1638 1638 1639 1638 1638
1673 1673 1673 1673 1672 1672 1672 1671 1671 1670 1670 1670 1669 1668 1667 1666 1664 1663 1662 1661 1660 1659 1658 1657 1656 1655 1654 1653 1653 1652 1652 1651 1650 1649 1649 1648 1647 1646 1646 1645 1645 1644 1644 1643 1643 1643 1642 1642 1642 1642 1642 1642 1642 1642 1642 1643 1642 1641 1642 1643 1643 1644 1644 1645 1644 1644 1643 1643 1641 1640 1639 1638 1637 1637 1637 1638 1637 1637 1637 1638 1637 1637
1673 1672 1672 1672 1671 1671 1670 1670 1669 1669 1669 1669 1668 1667 1666 1665 1664 1663 1662 1661 1660 1660 1659 1659 1658 1656 1655 1654 1654 1654 1653 1652 1651 1650 1649 1649 1648 1648 1647 1646 1646 1646 1645 1644 1643 1642 1642 1642 1642 1641 1641 1641 1641 1641 1641 1641 1640 1640 1641 1642 1642 1643 1643 1643 1643 1643 1642 1642 1640 1639 1638 1637 1636 1636 1636 1636 1636 1636 1636 1636 1636 1636
1672 1672 1672 1671 1671 1670 1669 1669 1668 1668 1668 1668 1667 1666 1665 1665 1664 1664 1663 1662 1661 1660 1660 1660 1659 1657 1656 1655 1655 1655 1654 1653 1652 1651 1650 1649 1649 1649 1648 1647 1647 1647 1646 1645 1644 1642 1642 1642 1642 1641 1641 1640 1640 1640 1640 1640 1639 1639 1640 1641 1641 1642 1642 1642 1642 1642 1641 1641 1640 1639 1637 1636 1635 1635 1635 1635 1635 1635 1635 1635 1635 1635
1671 1671 1670 1670 1670 1669 1669 1668 1667 1667 1667 1667 1666 1665 1664 1664 1663 1663 1662 1661 1660 1659 1660 1660 1658 1657 1656 1656 1655 1655 1655 1654 1653 1652 1651 1650 1650 1649 1649 1648 1648 1647 1646 1645 1644 1644 1644 1643 1642 1642 1641 1641 1640 1639 1639 1639 1639 1638 1639 1640 1640 1641 1640 1640 1640 1640 1640 1640 1639 1638 1637 1636 1635 1634 1634 1634 1634 1634 1634 1634 1634 1634
1670 1670 1669 1669 1669 1669 1668 1667 1667 1666 1666 1665 1664 1664 1663 1663 1662 1662 1661 1661 1660 1659 1659 1659 1658 1657 1656 1656 1655 1655 1655 1655 1654 1653 1652 1651 1650 1649 1649 1649 1648 1647 1646 1645 1645 1645 1644 1644 1643 1642 1642 1641 1640 1639 1639 1639 1638 1638 1638 1639 1639 1640 1639 1639 1639 1639 1639 1639 1638 1638 1637 1636 1635 1634 1634 1634 1633 1633 1633 1633 1633 1633
1668 1669 1668 1668 1667 1667 1667 1666 1665 1665 1664 1663 1663 1663 1662 1662 1661 1661 1661 1660 1659 1658 1658 1658 1657 1656 1656 1656 1655 1655 1654 1654 1653 1652 1652 1651 1650 1650 1649 1649 1648 1648 1647 1646 1646 1645 1644 1644 1643 1642 1642 1642 1641 1640 1639 1639 1638 1638 1638 1638 1638 1639 1638 1638 1638 1638 1638 1638 1637 1637 1636 1635 1634 1633 1633 1633 1633 1633 1633 1632 1632 1632
1667 1667 1667 1667 1666 1666 1665 1665 1664 1663 1662 1662 1662 1662 1661 1661 1660 1660 1660 1659 1659 1658 1657 1657 1656 1656 1656 1656 1655 1655 1654 1653 1652 1652 1651 1651 1650 1650 1649 1649 1648 1648 1647 1647 1646 1645 1644 1644 1643 1642 1642 1642 1641 1640 1639 1639 1638 1638 1637 1637 1637 1638 1637 1637 1637 1637 1637 1637 1636 1636 1635 1635 1634 1633 1633 1633 1633 1633 1633 1632 1632 1632
1666 1666 1665 1665 1665 1665 1664 1663 1662 1662 1661 1660 1660 1660 1660 1659 1659 1659 1658 1658 1658 1657 1657 1656 1656 1655 1655 1655 1654 1654 1653 1652 1652 1652 1651 1650 1650 1649 1649 1648 1647 1647 1647 1646 1645 1644 1644 1643 1642 1641 1641 1641 1640 1640 1639 1639 1638 1638 1637 1637 1637 1637 1637 1636 1636 1636 1636 1636 1635 1635 1635 1634 1634 1633 1633 1633 1633 1634 1633 1633 1632 1632
1664 1664 1664 1664 1664 1663 1662 1661 1661 1660 1659 1659 1659 1658 1658 1658 1658 1657 1657 1657 1657 1657 1656 1656 1655 1655 1655 1654 1654 1653 1652 1652 1652 1652 1651 1650 1649 1649 1648 1648 1647 1646 1646 1646 1645 1644 1643 1643 1642 1641 1640 1640 1640 1640 1639 1639 1638 1638 1637 1637 1637 1637 1636 1636 1635 1635 1635 1635 1634 1634 1634 1634 1634 1633 1633 1633 1634 1634 1633 1633 1633 1632
1662 1662 1662 1662 1662 1662 1661 1660 1659 1658 1658 1658 1657 1656 1657 1657 1656 1656 1655 1655 1655 1656 1655 1655 1654 1654 1653 1653 1652 1652 1651 1651 1651 1651 1650 1649 1648 1648 1647 1647 1646 1645 1645 1645 1644 1643 1643 1642 1641 1640 1640 1639 1639 1639 1638 1638 1638 1638 1637 1637 1637 1636 1636 1635 1635 1635 1635 1635 1634 1634 1634 1634 1634 1634 1634 1634 1634 1634 1633 1633 1633 1633
1661 1661 1661 1661 1661 1661 1660 1659 1658 1657 1657 1656 1656 1655 1655 1655 1655 1655 1654 1654 1654 1654 1654 1653 1653 1653 1652 1652 1651 1650 1650 1650 1650 1649 1648 1647 1647 1646 1646 1645 1645 1644 1644 1643 1643 1642 1642 1642 1641 1640 1639 1639 1638 1638 1637 1637 1637 1638 1637 1637 1636 1636 1635 1635 1635 1635 1635 1635 1635 1634 1634 1634 1635 1635 1635 1634 1634 1634 1634 1633 1634 1634
1659 1660 1660 1660 1660 1660 1659 1658 1657 1656 1655 1655 1655 1654 1654 1654 1654 1654 1653 1653 1653 1653 1652 1652 1651 1651 1651 1651 1650 1649 1648 1648 1648 1648 1647 1646 1645 1645 1644 1644 1643 1643 1642 1642 1642 1641 1641 1641 1640 1639 1639 1638 1638 1637 1637 1637 1637 1637 1637 1637 1636 1635 1635 1635 1635 1635 1635 1636 1635 1635 1635 1635 1635 1635 1635 1635 1635 1635 1634 1634 1635 1635
1658 1659 1659 1659 1658 1658 1657 1657 1656 1655 1654 1654 1654 1653 1653 1653 1653 1652 1652 1652 1652 1651 1651 1650 1650 1650 1649 1649 1648 1647 1647 1647 1647 1646 1646 1645 1644 1644 1643 1642 1642 1642 1641 1641 1641 1641 1640 1640 1639 1639 1638 1638 1637 1637 1637 1637 1637 1637 1637 1637 1636 1635 1635 1635 1635 1635 1636 1636 1636 1635 1636 1636 1636 1635 1635 1635 1635 1635 1635 1635 1636 1636
1656 1657 1657 1657 1657 1656 1656 1656 1655 1654 1653 1653 1652 1652 1652 1652 1651 1651 1651 1651 1650 1650 1649 1649 1648 1648 1648 1647 1647 1646 1645 1645 1645 1645 1644 1644 1643 1643 1642 1641 1641 1641 1640 1640 1640 1640 1640 1639 1639 1638 1638 1637 1637 1637 1637 1636 1636 1636 1636 1636 1636 1636 1636 1636 1636 1636 1636 1636 1636 1636 1636 1636 1636 1636 1636 1636 1636 1637 1637 1636 1637 1637
